1,1,1,0,0,0,0,1,1,0,0,0,0,1,1,"Turn right",0,1,0,0,0
1,2,1,0,0,0,0,1,1,0,0,0,0,1,3,"Move back",0,1,0,0,0
1,3,1,0,0,0,0,1,1,0,0,0,0,1,3,"Move back",0,2,0,0,0
1,4,1,0,0,0,0,1,1,0,0,0,0,1,4,"Move arm",0,1,0,0,0
1,5,1,0,0,0,0,1,1,0,0,0,0,1,2,"Move front",0,1,0,0,0
1,6,1,0,0,0,0,1,1,0,0,0,0,1,0,"Turn left",0,1,0,0,0
1,7,1,0,0,0,0,1,1,0,0,0,0,1,4,"Move arm",0,2,0,0,0
1,8,1,0,0,0,0,1,1,0,0,0,0,1,1,"Turn right",0,2,0,0,0
1,9,1,0,0,0,0,1,1,0,0,0,0,1,4,"Move arm",0,3,0,0,0
1,10,1,0,0,0,0,1,1,0,0,0,0,1,4,"Move arm",0,4,0,0,0
1,11,1,0,0,0,0,1,1,0,0,0,0,1,0,"Turn left",0,2,0,0,0
1,12,1,0,0,0,0,1,1,0,0,0,0,1,3,"Move back",0,3,0,0,0
1,13,1,0,0,0,0,1,1,0,0,0,0,1,4,"Move arm",0,5,0,0,0
1,14,1,0,0,0,0,1,1,0,0,0,0,1,2,"Move front",0,2,0,0,0
1,15,1,0,0,0,0,1,1,0,0,0,0,1,2,"Move front",0,3,0,0,0
1,16,1,0,0,0,0,1,1,0,0,0,0,1,2,"Move front",0,4,0,0,0
1,17,1,0,0,0,0,1,1,0,0,0,0,1,1,"Turn right",0,3,0,0,0
1,18,1,0,0,0,0,1,1,0,0,0,0,1,1,"Turn right",0,4,0,0,0
1,19,1,0,0,0,0,1,1,0,0,0,0,1,0,"Turn left",0,3,0,0,0
1,20,1,0,0,0,0,1,1,0,0,0,0,1,4,"Move arm",0,6,0,0,0
1,21,1,0,0,0,0,1,1,0,0,0,0,1,0,"Turn left",0,4,0,0,0
1,22,1,0,0,0,0,1,1,0,0,0,0,1,0,"Turn left",0,5,0,0,0
1,23,1,0,0,0,0,1,1,0,0,0,0,1,0,"Turn left",0,6,0,0,0
1,24,1,0,0,0,0,1,1,0,0,0,0,1,0,"Turn left",0,7,0,0,0
1,25,1,0,0,0,0,1,1,0,0,0,0,1,1,"Turn right",0,5,0,0,0
1,26,1,0,0,0,0,1,1,0,0,0,0,1,3,"Move back",0,4,0,0,0
1,27,1,0,0,0,0,1,1,0,0,0,0,1,3,"Move back",0,5,0,0,0
1,28,1,0,0,0,0,1,1,0,0,0,0,1,2,"Move front",0,5,0,0,0
1,29,1,0,0,0,0,1,1,0,0,0,0,1,0,"Turn left",0,8,0,0,0
1,30,1,0,0,0,0,1,1,0,0,0,0,1,3,"Move back",0,6,0,0,0
1,31,1,0,0,0,0,1,1,0,0,0,0,1,0,"Turn left",0,9,0,0,0
1,32,1,0,0,0,0,1,1,0,0,0,0,1,2,"Move front",0,6,0,0,0
1,33,1,0,0,0,0,1,1,0,0,0,0,1,3,"Move back",0,7,0,0,0
1,34,1,0,0,0,0,1,1,0,0,0,0,1,2,"Move front",0,7,0,0,0
1,35,1,0,0,0,0,1,1,0,0,0,0,1,4,"Move arm",0,7,0,0,0
1,36,1,0,0,0,0,1,1,0,0,0,0,1,2,"Move front",0,8,0,0,0
1,37,1,0,0,0,0,1,1,0,0,0,0,1,3,"Move back",0,8,0,0,0
1,38,1,0,0,0,0,1,37,0,1,3,0,1,0,"Turn left",2,10,0.04,0.04,0
1,39,37,0,1,3,0,1,37,0,1,3,0,1,4,"Move arm",0,1,0,0,0
1,40,37,0,1,3,0,1,37,0,1,3,0,1,4,"Move arm",0,2,0,0,0
1,41,37,0,1,3,0,1,1,0,0,0,0,1,1,"Turn right",-2,1,-0.03928,0,0
1,42,1,0,0,0,0,1,1,0,0,0,0,1,4,"Move arm",0,8,0.00072,0.04,0
1,43,1,0,0,0,0,1,1,0,0,0,0,1,3,"Move back",0,9,0.00072,0.04,0
1,44,1,0,0,0,0,1,1,0,0,0,0,1,3,"Move back",0,10,0.0014256,0.04,0
1,45,1,0,0,0,0,1,1,0,0,0,0,1,3,"Move back",0,11,0.00211709,0.04,0
1,46,1,0,0,0,0,1,1,0,0,0,0,1,4,"Move arm",0,9,0.0014256,0.04,0
1,47,1,0,0,0,0,1,1,0,0,0,0,1,1,"Turn right",0,6,0.00072,0.04,0
1,48,1,0,0,0,0,1,1,0,0,0,0,1,4,"Move arm",0,10,0.00211709,0.04,0
1,49,1,0,0,0,0,1,1,0,0,0,0,1,1,"Turn right",0,7,0.0014256,0.04,0
1,50,1,0,0,0,0,1,1,0,0,0,0,1,4,"Move arm",0,11,0.00279475,0.04,0
1,51,1,0,0,0,0,1,1,0,0,0,0,1,0,"Turn left",0,11,0.03992,0.03992,0
1,52,1,0,0,0,0,1,1,0,0,0,0,1,0,"Turn left",0,12,0.0398402,0.0398402,0
1,53,1,0,0,0,0,1,1,0,0,0,0,1,1,"Turn right",0,8,0.00211421,0.0398402,0
1,54,1,0,0,0,0,1,1,0,0,0,0,1,1,"Turn right",0,9,0.00278905,0.0398402,0
1,55,1,0,0,0,0,1,1,0,0,0,0,1,2,"Move front",0,9,0.000717123,0.0398402,0
1,56,1,0,0,0,0,1,1,0,0,0,0,1,0,"Turn left",0,13,0.0397605,0.0397605,0
1,57,1,0,0,0,0,1,1,0,0,0,0,1,0,"Turn left",0,14,0.039681,0.039681,0
1,58,1,0,0,0,0,1,1,0,0,0,0,1,3,"Move back",0,12,0.002789,0.039681,0
1,59,1,0,0,0,0,1,1,0,0,0,0,1,2,"Move front",0,10,0.00141704,0.039681,0
1,60,1,0,0,0,0,1,1,0,0,0,0,1,3,"Move back",0,13,0.00344748,0.039681,0
1,61,1,0,0,0,0,1,1,0,0,0,0,1,2,"Move front",0,11,0.00210295,0.039681,0
1,62,1,0,0,0,0,1,1,0,0,0,0,1,3,"Move back",0,14,0.00409279,0.039681,0
1,63,1,0,0,0,0,1,1,0,0,0,0,1,4,"Move arm",0,12,0.00345311,0.039681,0
1,64,1,0,0,0,0,1,1,0,0,0,0,1,3,"Move back",0,15,0.00472519,0.039681,0
1,65,1,0,0,0,0,1,1,0,0,0,0,1,1,"Turn right",0,10,0.00344753,0.039681,0
1,66,1,0,0,0,0,1,1,0,0,0,0,1,1,"Turn right",0,11,0.00409283,0.039681,0
1,67,1,0,0,0,0,1,1,0,0,0,0,1,1,"Turn right",0,12,0.00472523,0.039681,0
1,68,1,0,0,0,0,1,1,0,0,0,0,1,2,"Move front",0,12,0.00277515,0.039681,0
1,69,1,0,0,0,0,1,1,0,0,0,0,1,1,"Turn right",0,13,0.00534499,0.039681,0
1,70,1,0,0,0,0,1,1,0,0,0,0,1,4,"Move arm",0,13,0.0040983,0.039681,0
1,71,1,0,0,0,0,1,1,0,0,0,0,1,2,"Move front",0,13,0.00343391,0.039681,0
1,72,1,0,0,0,0,1,1,0,0,0,0,1,0,"Turn left",0,15,0.0396016,0.0396016,0
1,73,1,0,0,0,0,1,1,0,0,0,0,1,1,"Turn right",0,14,0.00595091,0.0396016,0
1,74,1,0,0,0,0,1,1,0,0,0,0,1,4,"Move arm",0,14,0.00472917,0.0396016,0
1,75,1,0,0,0,0,1,1,0,0,0,0,1,0,"Turn left",0,16,0.0395224,0.0395224,0
1,76,1,0,0,0,0,1,1,0,0,0,0,1,1,"Turn right",0,15,0.0065433,0.0395224,0
1,77,1,0,0,0,0,1,1,0,0,0,0,1,4,"Move arm",0,15,0.00534599,0.0395224,0
1,78,1,0,0,0,0,1,1,0,0,0,0,1,3,"Move back",0,16,0.00534209,0.0395224,0
1,79,1,0,0,0,0,1,1,0,0,0,0,1,4,"Move arm",0,16,0.00595047,0.0395224,0
1,80,1,0,0,0,0,1,1,0,0,0,0,1,4,"Move arm",0,17,0.00654286,0.0395224,0
1,81,1,0,0,0,0,1,1,0,0,0,0,1,0,"Turn left",0,17,0.0394433,0.0394433,0
1,82,1,0,0,0,0,1,1,0,0,0,0,1,1,"Turn right",0,16,0.00712241,0.0394433,0
1,83,1,0,0,0,0,1,1,0,0,0,0,1,2,"Move front",0,14,0.00407521,0.0394433,0
1,84,1,0,0,0,0,1,1,0,0,0,0,1,0,"Turn left",0,18,0.0393645,0.0393645,0
1,85,1,0,0,0,0,1,1,0,0,0,0,1,2,"Move front",0,15,0.00470226,0.0393645,0
1,86,1,0,0,0,0,1,1,0,0,0,0,1,3,"Move back",0,17,0.00594381,0.0393645,0
1,87,1,0,0,0,0,1,1,0,0,0,0,1,4,"Move arm",0,18,0.00712057,0.0393645,0
1,88,1,0,0,0,0,1,1,0,0,0,0,1,0,"Turn left",0,19,0.0392857,0.0392857,0
1,89,1,0,0,0,0,1,1,0,0,0,0,1,0,"Turn left",0,20,0.0392072,0.0392072,0
1,90,1,0,0,0,0,1,1,0,0,0,0,1,0,"Turn left",0,21,0.0391287,0.0391287,0
1,91,1,0,0,0,0,1,1,0,0,0,0,1,2,"Move front",0,16,0.00531254,0.0391287,0
1,92,1,0,0,0,0,1,1,0,0,0,0,1,3,"Move back",0,18,0.00652925,0.0391287,0
1,93,1,0,0,0,0,1,1,0,0,0,0,1,1,"Turn right",0,17,0.00768428,0.0391287,0
1,94,1,0,0,0,0,1,1,0,0,0,0,1,4,"Move arm",0,19,0.00768247,0.0391287,0
1,95,1,0,0,0,0,1,1,0,0,0,0,1,0,"Turn left",0,22,0.0390505,0.0390505,0
1,96,1,0,0,0,0,1,1,0,0,0,0,1,4,"Move arm",0,20,0.00823173,0.0390505,0
1,97,1,0,0,0,0,1,1,0,0,0,0,1,3,"Move back",0,19,0.00710157,0.0390505,0
1,98,1,0,0,0,0,1,1,0,0,0,0,1,1,"Turn right",0,18,0.00823351,0.0390505,0
1,99,1,0,0,0,0,1,1,0,0,0,0,1,0,"Turn left",0,23,0.0389724,0.0389724,0
1,100,1,0,0,0,0,1,37,0,1,3,0,1,0,"Turn left",2,24,0.0781929,0.0781929,0
1,101,37,0,1,3,0,1,61,0,2,3,0,1,0,"Turn left",0,1,0,0,0
1,102,61,0,2,3,0,1,61,0,2,3,0,1,4,"Move arm",0,1,0,0,0
1,103,61,0,2,3,0,1,61,0,2,3,0,1,0,"Turn left",0,1,0,0,0
1,104,61,0,2,3,0,1,61,0,2,3,0,1,3,"Move back",0,1,0,0,0
1,105,61,0,2,3,0,1,61,0,2,3,0,1,4,"Move arm",0,2,0,0,0
1,106,61,0,2,3,0,1,61,0,2,3,0,1,3,"Move back",0,2,0,0,0
1,107,61,0,2,3,0,1,61,0,2,3,0,1,1,"Turn right",0,1,0,0,0
1,108,61,0,2,3,0,1,61,0,2,3,0,1,4,"Move arm",0,3,0,0,0
1,109,61,0,2,3,0,1,61,0,2,3,0,1,0,"Turn left",0,2,0,0,0
1,110,61,0,2,3,0,1,61,0,2,3,0,1,3,"Move back",0,3,0,0,0
1,111,61,0,2,3,0,1,61,0,2,3,0,1,3,"Move back",0,4,0,0,0
1,112,61,0,2,3,0,1,61,0,2,3,0,1,2,"Move front",0,1,0,0,0
1,113,61,0,2,3,0,1,61,0,2,3,0,1,1,"Turn right",0,2,0,0,0
1,114,61,0,2,3,0,1,37,0,1,3,0,1,3,"Move back",0,5,0,0,0
1,115,37,0,1,3,0,1,37,0,1,3,0,1,2,"Move front",0,1,0,0,0
1,116,37,0,1,3,0,1,37,0,1,3,0,1,2,"Move front",0,2,0,0,0
1,117,37,0,1,3,0,1,61,0,2,3,0,1,0,"Turn left",0,2,0,0,0
1,118,61,0,2,3,0,1,61,0,2,3,0,1,2,"Move front",0,2,0,0,0
1,119,61,0,2,3,0,1,61,0,2,3,0,1,3,"Move back",0,6,0,0,0
1,120,61,0,2,3,0,1,85,0,3,3,0,1,0,"Turn left",0,3,0,0,0
1,121,85,0,3,3,0,1,61,0,2,3,0,1,1,"Turn right",0,1,0,0,0
1,122,61,0,2,3,0,1,85,0,3,3,0,1,0,"Turn left",0,4,0,0,0
1,123,85,0,3,3,0,1,85,0,3,3,0,1,4,"Move arm",0,1,0,0,0
1,124,85,0,3,3,0,1,85,0,3,3,0,1,0,"Turn left",0,1,0,0,0
1,125,85,0,3,3,0,1,109,0,4,3,0,1,0,"Turn left",0,2,0,0,0
1,126,109,0,4,3,0,1,109,0,4,3,0,1,3,"Move back",0,1,0,0,0
1,127,109,0,4,3,0,1,109,0,4,3,0,1,3,"Move back",0,2,0,0,0
1,128,109,0,4,3,0,1,109,0,4,3,0,1,0,"Turn left",0,1,0,0,0
1,129,109,0,4,3,0,1,109,0,4,3,0,1,1,"Turn right",0,1,0,0,0
1,130,109,0,4,3,0,1,109,0,4,3,0,1,2,"Move front",0,1,0,0,0
1,131,109,0,4,3,0,1,109,0,4,3,0,1,0,"Turn left",0,2,0,0,0
1,132,109,0,4,3,0,1,133,0,5,3,0,1,0,"Turn left",0,3,0,0,0
1,133,133,0,5,3,0,1,133,0,5,3,0,1,2,"Move front",0,1,0,0,0
1,134,133,0,5,3,0,1,133,0,5,3,0,1,2,"Move front",0,2,0,0,0
1,135,133,0,5,3,0,1,133,0,5,3,0,1,0,"Turn left",0,1,0,0,0
1,136,133,0,5,3,0,1,133,0,5,3,0,1,2,"Move front",0,3,0,0,0
1,137,133,0,5,3,0,1,133,0,5,3,0,1,3,"Move back",0,1,0,0,0
1,138,133,0,5,3,0,1,133,0,5,3,0,1,4,"Move arm",0,1,0,0,0
1,139,133,0,5,3,0,1,133,0,5,3,0,1,3,"Move back",0,2,0,0,0
1,140,133,0,5,3,0,1,133,0,5,3,0,1,1,"Turn right",0,1,0,0,0
1,141,133,0,5,3,0,1,133,0,5,3,0,1,4,"Move arm",0,2,0,0,0
1,142,133,0,5,3,0,1,133,0,5,3,0,1,3,"Move back",0,3,0,0,0
1,143,133,0,5,3,0,1,133,0,5,3,0,1,4,"Move arm",0,3,0,0,0
1,144,133,0,5,3,0,1,133,0,5,3,0,1,3,"Move back",0,4,0,0,0
1,145,133,0,5,3,0,1,109,0,4,3,0,1,1,"Turn right",0,2,0,0,0
1,146,109,0,4,3,0,1,133,0,5,3,0,1,0,"Turn left",0,4,0,0,0
1,147,133,0,5,3,0,1,133,0,5,3,0,1,4,"Move arm",0,4,0,0,0
1,148,133,0,5,3,0,1,133,0,5,3,0,1,0,"Turn left",0,2,0,0,0
1,149,133,0,5,3,0,1,1,0,0,0,0,1,0,"Turn left",-2,3,-0.0385925,0,1
1,150,1,0,0,0,0,1,133,0,5,3,0,1,1,"Turn right",2,19,0.0480688,0.0781929,0
1,151,133,0,5,3,0,1,133,0,5,3,0,1,2,"Move front",0,4,0,0,1
1,152,133,0,5,3,0,1,133,0,5,3,0,1,4,"Move arm",0,5,0,0,1
1,153,133,0,5,3,0,1,133,0,5,3,0,1,3,"Move back",0,5,0,0,1
1,154,133,0,5,3,0,1,133,0,5,3,0,1,1,"Turn right",0,3,0,0,1
1,155,133,0,5,3,0,1,109,0,4,3,0,1,1,"Turn right",0,4,0,0,1
1,156,109,0,4,3,0,1,133,0,5,3,0,1,0,"Turn left",0,5,0,0,0
1,157,133,0,5,3,0,1,133,0,5,3,0,1,3,"Move back",0,6,0,0,1
1,158,133,0,5,3,0,1,133,0,5,3,0,1,4,"Move arm",0,6,0,0,1
1,159,133,0,5,3,0,1,109,0,4,3,0,1,1,"Turn right",0,5,0,0,1
1,160,109,0,4,3,0,1,109,0,4,3,0,1,4,"Move arm",0,1,0,0,0
1,161,109,0,4,3,0,1,109,0,4,3,0,1,3,"Move back",0,3,0,0,0
1,162,109,0,4,3,0,1,109,0,4,3,0,1,1,"Turn right",0,2,0,0,0
1,163,109,0,4,3,0,1,109,0,4,3,0,1,4,"Move arm",0,2,0,0,0
1,164,109,0,4,3,0,1,109,0,4,3,0,1,0,"Turn left",0,6,0,0,0
1,165,109,0,4,3,0,1,109,0,4,3,0,1,1,"Turn right",0,3,0,0,0
1,166,109,0,4,3,0,1,85,0,3,3,0,1,1,"Turn right",0,4,0,0,0
1,167,85,0,3,3,0,1,85,0,3,3,0,1,4,"Move arm",0,2,0,0,0
1,168,85,0,3,3,0,1,109,0,4,3,0,1,0,"Turn left",0,3,0,0,0
1,169,109,0,4,3,0,1,109,0,4,3,0,1,2,"Move front",0,2,0,0,0
1,170,109,0,4,3,0,1,109,0,4,3,0,1,2,"Move front",0,3,0,0,0
1,171,109,0,4,3,0,1,109,0,4,3,0,1,2,"Move front",0,4,0,0,0
1,172,109,0,4,3,0,1,109,0,4,3,0,1,3,"Move back",0,4,0,0,0
1,173,109,0,4,3,0,1,109,0,4,3,0,1,3,"Move back",0,5,0,0,0
1,174,109,0,4,3,0,1,109,0,4,3,0,1,0,"Turn left",0,7,0,0,0
1,175,109,0,4,3,0,1,109,0,4,3,0,1,1,"Turn right",0,5,0,0,0
1,176,109,0,4,3,0,1,109,0,4,3,0,1,3,"Move back",0,6,0,0,0
1,177,109,0,4,3,0,1,109,0,4,3,0,1,3,"Move back",0,7,0,0,0
1,178,109,0,4,3,0,1,109,0,4,3,0,1,0,"Turn left",0,8,0,0,0
1,179,109,0,4,3,0,1,109,0,4,3,0,1,2,"Move front",0,5,0,0,0
1,180,109,0,4,3,0,1,109,0,4,3,0,1,4,"Move arm",0,3,0,0,0
1,181,109,0,4,3,0,1,109,0,4,3,0,1,3,"Move back",0,8,0,0,0
1,182,109,0,4,3,0,1,109,0,4,3,0,1,3,"Move back",0,9,0,0,0
1,183,109,0,4,3,0,1,109,0,4,3,0,1,3,"Move back",0,10,0,0,0
1,184,109,0,4,3,0,1,133,0,5,3,0,1,0,"Turn left",0,9,0,0,0
1,185,133,0,5,3,0,1,133,0,5,3,0,1,3,"Move back",0,7,0,0,1
1,186,133,0,5,3,0,1,133,0,5,3,0,1,3,"Move back",0,8,0,0,1
1,187,133,0,5,3,0,1,133,0,5,3,0,1,3,"Move back",0,9,0,0,1
1,188,133,0,5,3,0,1,133,0,5,3,0,1,4,"Move arm",0,7,0,0,1
1,189,133,0,5,3,0,1,133,0,5,3,0,1,1,"Turn right",0,6,0,0,1
1,190,133,0,5,3,0,1,109,0,4,3,0,1,1,"Turn right",0,7,0,0,1
1,191,109,0,4,3,0,1,109,0,4,3,0,1,2,"Move front",0,6,0,0,0
1,192,109,0,4,3,0,1,109,0,4,3,0,1,2,"Move front",0,7,0,0,0
1,193,109,0,4,3,0,1,133,0,5,3,0,1,0,"Turn left",0,10,0,0,0
1,194,133,0,5,3,0,1,133,0,5,3,0,1,3,"Move back",0,10,0,0,1
1,195,133,0,5,3,0,1,133,0,5,3,0,1,2,"Move front",0,5,0,0,1
1,196,133,0,5,3,0,1,109,0,4,3,0,1,1,"Turn right",0,8,0,0,1
1,197,109,0,4,3,0,1,133,0,5,3,0,1,0,"Turn left",0,11,0,0,0
1,198,133,0,5,3,0,1,133,0,5,3,0,1,0,"Turn left",0,4,-0.0378207,0,1
1,199,133,0,5,3,0,1,133,0,5,3,0,1,3,"Move back",0,11,0,0,1
1,200,133,0,5,3,0,1,1,0,0,0,0,1,0,"Turn left",-2,5,-0.0756568,0,1
1,201,1,0,0,0,0,1,1,0,0,0,0,1,0,"Turn left",0,25,0.0780366,0.0780366,0
1,202,1,0,0,0,0,1,1,0,0,0,0,1,1,"Turn right",0,20,0.0485121,0.0780366,0
1,203,1,0,0,0,0,1,1,0,0,0,0,1,2,"Move front",0,17,0.00661094,0.0780366,0
1,204,1,0,0,0,0,1,1,0,0,0,0,1,0,"Turn left",0,26,0.0778805,0.0778805,0
1,205,1,0,0,0,0,1,1,0,0,0,0,1,0,"Turn left",0,27,0.0777247,0.0777247,0
1,206,1,0,0,0,0,1,1,0,0,0,0,1,4,"Move arm",0,21,0.00946614,0.0777247,0
1,207,1,0,0,0,0,1,1,0,0,0,0,1,4,"Move arm",0,22,0.0106759,0.0777247,0
1,208,1,0,0,0,0,1,1,0,0,0,0,1,3,"Move back",0,20,0.00835859,0.0777247,0
1,209,1,0,0,0,0,1,1,0,0,0,0,1,2,"Move front",0,18,0.00787777,0.0777247,0
1,210,1,0,0,0,0,1,1,0,0,0,0,1,2,"Move front",0,19,0.00911926,0.0777247,0
1,211,1,0,0,0,0,1,1,0,0,0,0,1,2,"Move front",0,20,0.0103359,0.0777247,0
1,212,1,0,0,0,0,1,1,0,0,0,0,1,0,"Turn left",0,28,0.0775693,0.0775693,0
1,213,1,0,0,0,0,1,1,0,0,0,0,1,0,"Turn left",0,29,0.0774141,0.0774141,0
1,214,1,0,0,0,0,1,1,0,0,0,0,1,3,"Move back",0,21,0.00958487,0.0774141,0
1,215,1,0,0,0,0,1,1,0,0,0,0,1,1,"Turn right",0,21,0.0489353,0.0774141,0
1,216,1,0,0,0,0,1,1,0,0,0,0,1,4,"Move arm",0,23,0.0118558,0.0774141,0
1,217,1,0,0,0,0,1,1,0,0,0,0,1,4,"Move arm",0,24,0.0130121,0.0774141,0
1,218,1,0,0,0,0,1,1,0,0,0,0,1,0,"Turn left",0,30,0.0772593,0.0772593,0
1,219,1,0,0,0,0,1,1,0,0,0,0,1,4,"Move arm",0,25,0.0141426,0.0772593,0
1,220,1,0,0,0,0,1,1,0,0,0,0,1,2,"Move front",0,21,0.0115199,0.0772593,0
1,221,1,0,0,0,0,1,1,0,0,0,0,1,0,"Turn left",0,31,0.0771048,0.0771048,0
1,222,1,0,0,0,0,1,1,0,0,0,0,1,0,"Turn left",0,32,0.0769506,0.0769506,0
1,223,1,0,0,0,0,1,1,0,0,0,0,1,1,"Turn right",0,22,0.0493417,0.0769506,0
1,224,1,0,0,0,0,1,1,0,0,0,0,1,4,"Move arm",0,26,0.0152448,0.0769506,0
1,225,1,0,0,0,0,1,1,0,0,0,0,1,3,"Move back",0,22,0.0107783,0.0769506,0
1,226,1,0,0,0,0,1,1,0,0,0,0,1,1,"Turn right",0,23,0.04974,0.0769506,0
1,227,1,0,0,0,0,1,1,0,0,0,0,1,4,"Move arm",0,27,0.016325,0.0769506,0
1,228,1,0,0,0,0,1,1,0,0,0,0,1,3,"Move back",0,23,0.0119478,0.0769506,0
1,229,1,0,0,0,0,1,1,0,0,0,0,1,0,"Turn left",0,33,0.0767967,0.0767967,0
1,230,1,0,0,0,0,1,1,0,0,0,0,1,1,"Turn right",0,24,0.0501275,0.0767967,0
1,231,1,0,0,0,0,1,1,0,0,0,0,1,4,"Move arm",0,28,0.0173809,0.0767967,0
1,232,1,0,0,0,0,1,1,0,0,0,0,1,0,"Turn left",0,34,0.0766431,0.0766431,0
1,233,1,0,0,0,0,1,1,0,0,0,0,1,3,"Move back",0,24,0.0130884,0.0766431,0
1,234,1,0,0,0,0,1,1,0,0,0,0,1,1,"Turn right",0,25,0.0505046,0.0766431,0
1,235,1,0,0,0,0,1,1,0,0,0,0,1,4,"Move arm",0,29,0.0184128,0.0766431,0
1,236,1,0,0,0,0,1,1,0,0,0,0,1,1,"Turn right",0,26,0.0508741,0.0766431,0
1,237,1,0,0,0,0,1,1,0,0,0,0,1,3,"Move back",0,25,0.0142063,0.0766431,0
1,238,1,0,0,0,0,1,1,0,0,0,0,1,1,"Turn right",0,27,0.0512362,0.0766431,0
1,239,1,0,0,0,0,1,1,0,0,0,0,1,2,"Move front",0,22,0.012669,0.0766431,0
1,240,1,0,0,0,0,1,1,0,0,0,0,1,0,"Turn left",0,35,0.0764898,0.0764898,0
1,241,1,0,0,0,0,1,1,0,0,0,0,1,0,"Turn left",0,36,0.0763368,0.0763368,0
1,242,1,0,0,0,0,1,1,0,0,0,0,1,2,"Move front",0,23,0.0137897,0.0763368,0
1,243,1,0,0,0,0,1,1,0,0,0,0,1,2,"Move front",0,24,0.014888,0.0763368,0
1,244,1,0,0,0,0,1,1,0,0,0,0,1,1,"Turn right",0,28,0.0515855,0.0763368,0
1,245,1,0,0,0,0,1,1,0,0,0,0,1,3,"Move back",0,26,0.0152962,0.0763368,0
1,246,1,0,0,0,0,1,1,0,0,0,0,1,0,"Turn left",0,37,0.0761841,0.0761841,0
1,247,1,0,0,0,0,1,1,0,0,0,0,1,1,"Turn right",0,29,0.0519251,0.0761841,0
1,248,1,0,0,0,0,1,1,0,0,0,0,1,0,"Turn left",0,38,0.0760318,0.0760318,0
1,249,1,0,0,0,0,1,1,0,0,0,0,1,2,"Move front",0,25,0.0159588,0.0760318,0
1,250,1,0,0,0,0,1,1,0,0,0,0,1,0,"Turn left",0,39,0.0758797,0.0758797,0
1,251,1,0,0,0,0,1,1,0,0,0,0,1,3,"Move back",0,27,0.0163561,0.0758797,0
1,252,1,0,0,0,0,1,1,0,0,0,0,1,4,"Move arm",0,30,0.0194104,0.0758797,0
1,253,1,0,0,0,0,1,1,0,0,0,0,1,0,"Turn left",0,40,0.075728,0.075728,0
1,254,1,0,0,0,0,1,1,0,0,0,0,1,3,"Move back",0,28,0.0173921,0.075728,0
1,255,1,0,0,0,0,1,1,0,0,0,0,1,3,"Move back",0,29,0.0184073,0.075728,0
1,256,1,0,0,0,0,1,1,0,0,0,0,1,3,"Move back",0,30,0.0194023,0.075728,0
1,257,1,0,0,0,0,1,1,0,0,0,0,1,4,"Move arm",0,31,0.0203853,0.075728,0
1,258,1,0,0,0,0,1,1,0,0,0,0,1,2,"Move front",0,26,0.0170027,0.075728,0
1,259,1,0,0,0,0,1,1,0,0,0,0,1,3,"Move back",0,31,0.0203774,0.075728,0
1,260,1,0,0,0,0,1,1,0,0,0,0,1,3,"Move back",0,32,0.0213329,0.075728,0
1,261,1,0,0,0,0,1,1,0,0,0,0,1,0,"Turn left",0,41,0.0755765,0.0755765,0
1,262,1,0,0,0,0,1,1,0,0,0,0,1,4,"Move arm",0,32,0.021338,0.0755765,0
1,263,1,0,0,0,0,1,1,0,0,0,0,1,1,"Turn right",0,30,0.052247,0.0755765,0
1,264,1,0,0,0,0,1,1,0,0,0,0,1,1,"Turn right",0,31,0.0525624,0.0755765,0
1,265,1,0,0,0,0,1,1,0,0,0,0,1,0,"Turn left",0,42,0.0754253,0.0754253,0
1,266,1,0,0,0,0,1,1,0,0,0,0,1,0,"Turn left",0,43,0.0752745,0.0752745,0
1,267,1,0,0,0,0,1,1,0,0,0,0,1,3,"Move back",0,33,0.0222612,0.0752745,0
1,268,1,0,0,0,0,1,1,0,0,0,0,1,4,"Move arm",0,33,0.0222662,0.0752745,0
1,269,1,0,0,0,0,1,1,0,0,0,0,1,1,"Turn right",0,32,0.0528661,0.0752745,0
1,270,1,0,0,0,0,1,1,0,0,0,0,1,0,"Turn left",0,44,0.0751239,0.0751239,0
1,271,1,0,0,0,0,1,1,0,0,0,0,1,0,"Turn left",0,45,0.0749737,0.0749737,0
1,272,1,0,0,0,0,1,1,0,0,0,0,1,1,"Turn right",0,33,0.0531583,0.0749737,0
1,273,1,0,0,0,0,1,1,0,0,0,0,1,4,"Move arm",0,34,0.0231704,0.0749737,0
1,274,1,0,0,0,0,1,1,0,0,0,0,1,4,"Move arm",0,35,0.0240565,0.0749737,0
1,275,1,0,0,0,0,1,1,0,0,0,0,1,0,"Turn left",0,46,0.0748237,0.0748237,0
1,276,1,0,0,0,0,1,1,0,0,0,0,1,0,"Turn left",0,47,0.0746741,0.0746741,0
1,277,1,0,0,0,0,1,1,0,0,0,0,1,2,"Move front",0,27,0.0180068,0.0746741,0
1,278,1,0,0,0,0,1,1,0,0,0,0,1,3,"Move back",0,34,0.0231601,0.0746741,0
1,279,1,0,0,0,0,1,1,0,0,0,0,1,3,"Move back",0,35,0.024041,0.0746741,0
1,280,1,0,0,0,0,1,1,0,0,0,0,1,4,"Move arm",0,36,0.0249195,0.0746741,0
1,281,1,0,0,0,0,1,1,0,0,0,0,1,2,"Move front",0,28,0.0189908,0.0746741,0
1,282,1,0,0,0,0,1,1,0,0,0,0,1,0,"Turn left",0,48,0.0745248,0.0745248,0
1,283,1,0,0,0,0,1,1,0,0,0,0,1,1,"Turn right",0,34,0.0534366,0.0745248,0
1,284,1,0,0,0,0,1,1,0,0,0,0,1,1,"Turn right",0,35,0.0537093,0.0745248,0
1,285,1,0,0,0,0,1,1,0,0,0,0,1,0,"Turn left",0,49,0.0743757,0.0743757,0
1,286,1,0,0,0,0,1,1,0,0,0,0,1,0,"Turn left",0,50,0.074227,0.074227,0
1,287,1,0,0,0,0,1,1,0,0,0,0,1,3,"Move back",0,36,0.0248963,0.074227,0
1,288,1,0,0,0,0,1,1,0,0,0,0,1,0,"Turn left",0,51,0.0740785,0.0740785,0
1,289,1,0,0,0,0,1,1,0,0,0,0,1,0,"Turn left",0,52,0.0739303,0.0739303,0
1,290,1,0,0,0,0,1,1,0,0,0,0,1,0,"Turn left",0,53,0.0737825,0.0737825,0
1,291,1,0,0,0,0,1,1,0,0,0,0,1,0,"Turn left",0,54,0.0736349,0.0736349,0
1,292,1,0,0,0,0,1,1,0,0,0,0,1,0,"Turn left",0,55,0.0734876,0.0734876,0
1,293,1,0,0,0,0,1,1,0,0,0,0,1,4,"Move arm",0,37,0.0257439,0.0734876,0
1,294,1,0,0,0,0,1,1,0,0,0,0,1,3,"Move back",0,37,0.0257212,0.0734876,0
1,295,1,0,0,0,0,1,1,0,0,0,0,1,0,"Turn left",0,56,0.0733407,0.0733407,0
1,296,1,0,0,0,0,1,1,0,0,0,0,1,1,"Turn right",0,36,0.0539552,0.0733407,0
1,297,1,0,0,0,0,1,1,0,0,0,0,1,4,"Move arm",0,38,0.0265491,0.0733407,0
1,298,1,0,0,0,0,1,1,0,0,0,0,1,4,"Move arm",0,39,0.0273383,0.0733407,0
1,299,1,0,0,0,0,1,1,0,0,0,0,1,0,"Turn left",0,57,0.073194,0.073194,0
1,300,1,0,0,0,0,1,1,0,0,0,0,1,1,"Turn right",0,37,0.0541936,0.073194,0
1,301,1,0,0,0,0,1,1,0,0,0,0,1,2,"Move front",0,29,0.0199285,0.073194,0
1,302,1,0,0,0,0,1,1,0,0,0,0,1,0,"Turn left",0,58,0.0730476,0.0730476,0
1,303,1,0,0,0,0,1,1,0,0,0,0,1,0,"Turn left",0,59,0.0729015,0.0729015,0
1,304,1,0,0,0,0,1,1,0,0,0,0,1,3,"Move back",0,38,0.026519,0.0729015,0
1,305,1,0,0,0,0,1,1,0,0,0,0,1,1,"Turn right",0,38,0.054422,0.0729015,0
1,306,1,0,0,0,0,1,1,0,0,0,0,1,2,"Move front",0,30,0.0208421,0.0729015,0
1,307,1,0,0,0,0,1,1,0,0,0,0,1,0,"Turn left",0,60,0.0727557,0.0727557,0
1,308,1,0,0,0,0,1,1,0,0,0,0,1,0,"Turn left",0,61,0.0726102,0.0726102,0
1,309,1,0,0,0,0,1,1,0,0,0,0,1,0,"Turn left",0,62,0.072465,0.072465,0
1,310,1,0,0,0,0,1,1,0,0,0,0,1,2,"Move front",0,31,0.0217297,0.072465,0
1,311,1,0,0,0,0,1,1,0,0,0,0,1,2,"Move front",0,32,0.0225994,0.072465,0
1,312,1,0,0,0,0,1,1,0,0,0,0,1,1,"Turn right",0,39,0.0546379,0.072465,0
1,313,1,0,0,0,0,1,1,0,0,0,0,1,1,"Turn right",0,40,0.0548495,0.072465,0
1,314,1,0,0,0,0,1,1,0,0,0,0,1,1,"Turn right",0,41,0.0550569,0.072465,0
1,315,1,0,0,0,0,1,1,0,0,0,0,1,4,"Move arm",0,40,0.0280959,0.072465,0
1,316,1,0,0,0,0,1,1,0,0,0,0,1,3,"Move back",0,39,0.0272929,0.072465,0
1,317,1,0,0,0,0,1,1,0,0,0,0,1,1,"Turn right",0,42,0.0552601,0.072465,0
1,318,1,0,0,0,0,1,1,0,0,0,0,1,0,"Turn left",0,63,0.07232,0.07232,0
1,319,1,0,0,0,0,1,1,0,0,0,0,1,2,"Move front",0,33,0.0234492,0.07232,0
1,320,1,0,0,0,0,1,1,0,0,0,0,1,2,"Move front",0,34,0.024282,0.07232,0
1,321,1,0,0,0,0,1,1,0,0,0,0,1,1,"Turn right",0,43,0.0554567,0.07232,0
1,322,1,0,0,0,0,1,1,0,0,0,0,1,0,"Turn left",0,64,0.0721754,0.0721754,0
1,323,1,0,0,0,0,1,1,0,0,0,0,1,3,"Move back",0,40,0.0280462,0.0721754,0
1,324,1,0,0,0,0,1,1,0,0,0,0,1,1,"Turn right",0,44,0.0556467,0.0721754,0
1,325,1,0,0,0,0,1,1,0,0,0,0,1,4,"Move arm",0,41,0.0288331,0.0721754,0
1,326,1,0,0,0,0,1,1,0,0,0,0,1,4,"Move arm",0,42,0.0295556,0.0721754,0
1,327,1,0,0,0,0,1,1,0,0,0,0,1,3,"Move back",0,41,0.0287845,0.0721754,0
1,328,1,0,0,0,0,1,1,0,0,0,0,1,2,"Move front",0,35,0.0250955,0.0721754,0
1,329,1,0,0,0,0,1,1,0,0,0,0,1,4,"Move arm",0,43,0.0302637,0.0721754,0
1,330,1,0,0,0,0,1,1,0,0,0,0,1,0,"Turn left",0,65,0.072031,0.072031,0
1,331,1,0,0,0,0,1,1,0,0,0,0,1,0,"Turn left",0,66,0.071887,0.071887,0
1,332,1,0,0,0,0,1,1,0,0,0,0,1,0,"Turn left",0,67,0.0717432,0.0717432,0
1,333,1,0,0,0,0,1,1,0,0,0,0,1,1,"Turn right",0,45,0.0558252,0.0717432,0
1,334,1,0,0,0,0,1,1,0,0,0,0,1,2,"Move front",0,36,0.025885,0.0717432,0
1,335,1,0,0,0,0,1,1,0,0,0,0,1,4,"Move arm",0,44,0.0309498,0.0717432,0
1,336,1,0,0,0,0,1,1,0,0,0,0,1,0,"Turn left",0,68,0.0715997,0.0715997,0
1,337,1,0,0,0,0,1,1,0,0,0,0,1,0,"Turn left",0,69,0.0714565,0.0714565,0
1,338,1,0,0,0,0,1,1,0,0,0,0,1,0,"Turn left",0,70,0.0713136,0.0713136,0
1,339,1,0,0,0,0,1,1,0,0,0,0,1,1,"Turn right",0,46,0.0559923,0.0713136,0
1,340,1,0,0,0,0,1,1,0,0,0,0,1,1,"Turn right",0,47,0.0561561,0.0713136,0
1,341,1,0,0,0,0,1,1,0,0,0,0,1,0,"Turn left",0,71,0.071171,0.071171,0
1,342,1,0,0,0,0,1,1,0,0,0,0,1,0,"Turn left",0,72,0.0710286,0.0710286,0
1,343,1,0,0,0,0,1,1,0,0,0,0,1,3,"Move back",0,42,0.0294873,0.0710286,0
1,344,1,0,0,0,0,1,1,0,0,0,0,1,1,"Turn right",0,48,0.0563115,0.0710286,0
1,345,1,0,0,0,0,1,1,0,0,0,0,1,3,"Move back",0,43,0.0301761,0.0710286,0
1,346,1,0,0,0,0,1,1,0,0,0,0,1,2,"Move front",0,37,0.0266458,0.0710286,0
1,347,1,0,0,0,0,1,1,0,0,0,0,1,4,"Move arm",0,45,0.0316093,0.0710286,0
1,348,1,0,0,0,0,1,1,0,0,0,0,1,0,"Turn left",0,73,0.0708866,0.0708866,0
1,349,1,0,0,0,0,1,1,0,0,0,0,1,4,"Move arm",0,46,0.0322531,0.0708866,0
1,350,1,0,0,0,0,1,1,0,0,0,0,1,0,"Turn left",0,74,0.0707448,0.0707448,0
1,351,1,0,0,0,0,1,1,0,0,0,0,1,1,"Turn right",0,49,0.0564587,0.0707448,0
1,352,1,0,0,0,0,1,1,0,0,0,0,1,4,"Move arm",0,47,0.0328814,0.0707448,0
1,353,1,0,0,0,0,1,1,0,0,0,0,1,0,"Turn left",0,75,0.0706033,0.0706033,0
1,354,1,0,0,0,0,1,1,0,0,0,0,1,3,"Move back",0,44,0.0308434,0.0706033,0
1,355,1,0,0,0,0,1,1,0,0,0,0,1,3,"Move back",0,45,0.0314974,0.0706033,0
1,356,1,0,0,0,0,1,1,0,0,0,0,1,1,"Turn right",0,50,0.0566004,0.0706033,0
1,357,1,0,0,0,0,1,1,0,0,0,0,1,2,"Move front",0,38,0.0273837,0.0706033,0
1,358,1,0,0,0,0,1,1,0,0,0,0,1,2,"Move front",0,39,0.0281069,0.0706033,0
1,359,1,0,0,0,0,1,1,0,0,0,0,1,3,"Move back",0,46,0.0321383,0.0706033,0
1,360,1,0,0,0,0,1,1,0,0,0,0,1,1,"Turn right",0,51,0.0567392,0.0706033,0
1,361,1,0,0,0,0,1,1,0,0,0,0,1,0,"Turn left",0,76,0.0704621,0.0704621,0
1,362,1,0,0,0,0,1,1,0,0,0,0,1,4,"Move arm",0,48,0.0334921,0.0704621,0
1,363,1,0,0,0,0,1,1,0,0,0,0,1,0,"Turn left",0,77,0.0703212,0.0703212,0
1,364,1,0,0,0,0,1,1,0,0,0,0,1,0,"Turn left",0,78,0.0701806,0.0701806,0
1,365,1,0,0,0,0,1,1,0,0,0,0,1,4,"Move arm",0,49,0.0340855,0.0701806,0
1,366,1,0,0,0,0,1,1,0,0,0,0,1,2,"Move front",0,40,0.028808,0.0701806,0
1,367,1,0,0,0,0,1,1,0,0,0,0,1,2,"Move front",0,41,0.0294951,0.0701806,0
1,368,1,0,0,0,0,1,1,0,0,0,0,1,3,"Move back",0,47,0.0327588,0.0701806,0
1,369,1,0,0,0,0,1,1,0,0,0,0,1,0,"Turn left",0,79,0.0700402,0.0700402,0
1,370,1,0,0,0,0,1,1,0,0,0,0,1,4,"Move arm",0,50,0.0346645,0.0700402,0
1,371,1,0,0,0,0,1,1,0,0,0,0,1,0,"Turn left",0,80,0.0699001,0.0699001,0
1,372,1,0,0,0,0,1,1,0,0,0,0,1,3,"Move back",0,48,0.0333618,0.0699001,0
1,373,1,0,0,0,0,1,1,0,0,0,0,1,4,"Move arm",0,51,0.0352294,0.0699001,0
1,374,1,0,0,0,0,1,1,0,0,0,0,1,4,"Move arm",0,52,0.035783,0.0699001,0
1,375,1,0,0,0,0,1,1,0,0,0,0,1,0,"Turn left",0,81,0.0697603,0.0697603,0
1,376,1,0,0,0,0,1,1,0,0,0,0,1,1,"Turn right",0,52,0.0568601,0.0697603,0
1,377,1,0,0,0,0,1,1,0,0,0,0,1,1,"Turn right",0,53,0.0569786,0.0697603,0
1,378,1,0,0,0,0,1,1,0,0,0,0,1,2,"Move front",0,42,0.0301609,0.0697603,0
1,379,1,0,0,0,0,1,1,0,0,0,0,1,0,"Turn left",0,82,0.0696208,0.0696208,0
1,380,1,0,0,0,0,1,1,0,0,0,0,1,1,"Turn right",0,54,0.0570922,0.0696208,0
1,381,1,0,0,0,0,1,1,0,0,0,0,1,1,"Turn right",0,55,0.0572035,0.0696208,0
1,382,1,0,0,0,0,1,1,0,0,0,0,1,1,"Turn right",0,56,0.0573126,0.0696208,0
1,383,1,0,0,0,0,1,1,0,0,0,0,1,0,"Turn left",0,83,0.0694815,0.0694815,0
1,384,1,0,0,0,0,1,1,0,0,0,0,1,3,"Move back",0,49,0.0339453,0.0694815,0
1,385,1,0,0,0,0,1,1,0,0,0,0,1,2,"Move front",0,43,0.0308084,0.0694815,0
1,386,1,0,0,0,0,1,1,0,0,0,0,1,0,"Turn left",0,84,0.0693426,0.0693426,0
1,387,1,0,0,0,0,1,1,0,0,0,0,1,1,"Turn right",0,57,0.0574145,0.0693426,0
1,388,1,0,0,0,0,1,1,0,0,0,0,1,1,"Turn right",0,58,0.0575144,0.0693426,0
1,389,1,0,0,0,0,1,1,0,0,0,0,1,1,"Turn right",0,59,0.0576123,0.0693426,0
1,390,1,0,0,0,0,1,1,0,0,0,0,1,4,"Move arm",0,53,0.0363155,0.0693426,0
1,391,1,0,0,0,0,1,1,0,0,0,0,1,2,"Move front",0,44,0.0314404,0.0693426,0
1,392,1,0,0,0,0,1,1,0,0,0,0,1,2,"Move front",0,45,0.0320597,0.0693426,0
1,393,1,0,0,0,0,1,1,0,0,0,0,1,3,"Move back",0,50,0.0345145,0.0693426,0
1,394,1,0,0,0,0,1,1,0,0,0,0,1,1,"Turn right",0,60,0.0577082,0.0693426,0
1,395,1,0,0,0,0,1,1,0,0,0,0,1,2,"Move front",0,46,0.0326667,0.0693426,0
1,396,1,0,0,0,0,1,1,0,0,0,0,1,3,"Move back",0,51,0.0350724,0.0693426,0
1,397,1,0,0,0,0,1,1,0,0,0,0,1,0,"Turn left",0,85,0.0692039,0.0692039,0
1,398,1,0,0,0,0,1,1,0,0,0,0,1,0,"Turn left",0,86,0.0690655,0.0690655,0
1,399,1,0,0,0,0,1,1,0,0,0,0,1,0,"Turn left",0,87,0.0689274,0.0689274,0
1,400,1,0,0,0,0,1,1,0,0,0,0,1,1,"Turn right",0,61,0.0577947,0.0689274,0
1,401,1,0,0,0,0,1,1,0,0,0,0,1,0,"Turn left",0,88,0.0687895,0.0687895,0
1,402,1,0,0,0,0,1,1,0,0,0,0,1,2,"Move front",0,47,0.0332516,0.0687895,0
1,403,1,0,0,0,0,1,1,0,0,0,0,1,0,"Turn left",0,89,0.0686519,0.0686519,0
1,404,1,0,0,0,0,1,1,0,0,0,0,1,2,"Move front",0,48,0.0338223,0.0686519,0
1,405,1,0,0,0,0,1,1,0,0,0,0,1,3,"Move back",0,52,0.0356067,0.0686519,0
1,406,1,0,0,0,0,1,1,0,0,0,0,1,1,"Turn right",0,62,0.0578746,0.0686519,0
1,407,1,0,0,0,0,1,1,0,0,0,0,1,0,"Turn left",0,90,0.0685146,0.0685146,0
1,408,1,0,0,0,0,1,1,0,0,0,0,1,2,"Move front",0,49,0.0343791,0.0685146,0
1,409,1,0,0,0,0,1,1,0,0,0,0,1,0,"Turn left",0,91,0.0683776,0.0683776,0
1,410,1,0,0,0,0,1,1,0,0,0,0,1,3,"Move back",0,53,0.0361253,0.0683776,0
1,411,1,0,0,0,0,1,1,0,0,0,0,1,0,"Turn left",0,92,0.0682408,0.0682408,0
1,412,1,0,0,0,0,1,1,0,0,0,0,1,1,"Turn right",0,63,0.0579454,0.0682408,0
1,413,1,0,0,0,0,1,1,0,0,0,0,1,1,"Turn right",0,64,0.0580149,0.0682408,0
1,414,1,0,0,0,0,1,1,0,0,0,0,1,0,"Turn left",0,93,0.0681044,0.0681044,0
1,415,1,0,0,0,0,1,1,0,0,0,0,1,0,"Turn left",0,94,0.0679681,0.0679681,0
1,416,1,0,0,0,0,1,1,0,0,0,0,1,1,"Turn right",0,65,0.058078,0.0679681,0
1,417,1,0,0,0,0,1,1,0,0,0,0,1,3,"Move back",0,54,0.0366263,0.0679681,0
1,418,1,0,0,0,0,1,1,0,0,0,0,1,1,"Turn right",0,66,0.0581399,0.0679681,0
1,419,1,0,0,0,0,1,1,0,0,0,0,1,4,"Move arm",0,54,0.0368127,0.0679681,0
1,420,1,0,0,0,0,1,1,0,0,0,0,1,0,"Turn left",0,95,0.0678322,0.0678322,0
1,421,1,0,0,0,0,1,1,0,0,0,0,1,3,"Move back",0,55,0.0371147,0.0678322,0
1,422,1,0,0,0,0,1,1,0,0,0,0,1,0,"Turn left",0,96,0.0676965,0.0676965,0
1,423,1,0,0,0,0,1,1,0,0,0,0,1,1,"Turn right",0,67,0.0581956,0.0676965,0
1,424,1,0,0,0,0,1,1,0,0,0,0,1,4,"Move arm",0,55,0.0372949,0.0676965,0
1,425,1,0,0,0,0,1,1,0,0,0,0,1,3,"Move back",0,56,0.037591,0.0676965,0
1,426,1,0,0,0,0,1,1,0,0,0,0,1,1,"Turn right",0,68,0.0582502,0.0676965,0
1,427,1,0,0,0,0,1,1,0,0,0,0,1,4,"Move arm",0,56,0.0377676,0.0676965,0
1,428,1,0,0,0,0,1,1,0,0,0,0,1,0,"Turn left",0,97,0.0675612,0.0675612,0
1,429,1,0,0,0,0,1,1,0,0,0,0,1,2,"Move front",0,50,0.0349076,0.0675612,0
1,430,1,0,0,0,0,1,1,0,0,0,0,1,0,"Turn left",0,98,0.067426,0.067426,0
1,431,1,0,0,0,0,1,1,0,0,0,0,1,1,"Turn right",0,69,0.0582989,0.067426,0
1,432,1,0,0,0,0,1,1,0,0,0,0,1,4,"Move arm",0,57,0.0382259,0.067426,0
1,433,1,0,0,0,0,1,1,0,0,0,0,1,0,"Turn left",0,99,0.0672912,0.0672912,0
1,434,1,0,0,0,0,1,1,0,0,0,0,1,0,"Turn left",0,100,0.0671566,0.0671566,0
1,435,1,0,0,0,0,1,1,0,0,0,0,1,4,"Move arm",0,58,0.0386702,0.0671566,0
1,436,1,0,0,0,0,1,1,0,0,0,0,1,3,"Move back",0,57,0.038048,0.0671566,0
1,437,1,0,0,0,0,1,1,0,0,0,0,1,0,"Turn left",0,101,0.0670223,0.0670223,0
1,438,1,0,0,0,0,1,1,0,0,0,0,1,0,"Turn left",0,102,0.0668882,0.0668882,0
1,439,1,0,0,0,0,1,1,0,0,0,0,1,2,"Move front",0,51,0.0354134,0.0668882,0
1,440,1,0,0,0,0,1,1,0,0,0,0,1,0,"Turn left",0,103,0.0667545,0.0667545,0
1,441,1,0,0,0,0,1,1,0,0,0,0,1,1,"Turn right",0,70,0.0583345,0.0667545,0
1,442,1,0,0,0,0,1,1,0,0,0,0,1,2,"Move front",0,52,0.0359068,0.0667545,0
1,443,1,0,0,0,0,1,1,0,0,0,0,1,4,"Move arm",0,59,0.0390984,0.0667545,0
1,444,1,0,0,0,0,1,1,0,0,0,0,1,2,"Move front",0,53,0.0363902,0.0667545,0
1,445,1,0,0,0,0,1,1,0,0,0,0,1,3,"Move back",0,58,0.0384886,0.0667545,0
1,446,1,0,0,0,0,1,1,0,0,0,0,1,0,"Turn left",0,104,0.066621,0.066621,0
1,447,1,0,0,0,0,1,1,0,0,0,0,1,0,"Turn left",0,105,0.0664877,0.0664877,0
1,448,1,0,0,0,0,1,1,0,0,0,0,1,1,"Turn right",0,71,0.0583646,0.0664877,0
1,449,1,0,0,0,0,1,1,0,0,0,0,1,3,"Move back",0,59,0.0389156,0.0664877,0
1,450,1,0,0,0,0,1,1,0,0,0,0,1,0,"Turn left",0,106,0.0663547,0.0663547,0
1,451,1,0,0,0,0,1,1,0,0,0,0,1,0,"Turn left",0,107,0.066222,0.066222,0
1,452,1,0,0,0,0,1,1,0,0,0,0,1,0,"Turn left",0,108,0.0660896,0.0660896,0
1,453,1,0,0,0,0,1,1,0,0,0,0,1,1,"Turn right",0,72,0.0583869,0.0660896,0
1,454,1,0,0,0,0,1,1,0,0,0,0,1,4,"Move arm",0,60,0.039506,0.0660896,0
1,455,1,0,0,0,0,1,1,0,0,0,0,1,0,"Turn left",0,109,0.0659574,0.0659574,0
1,456,1,0,0,0,0,1,1,0,0,0,0,1,0,"Turn left",0,110,0.0658255,0.0658255,0
1,457,1,0,0,0,0,1,1,0,0,0,0,1,3,"Move back",0,60,0.0393221,0.0658255,0
1,458,1,0,0,0,0,1,1,0,0,0,0,1,4,"Move arm",0,61,0.0399008,0.0658255,0
1,459,1,0,0,0,0,1,1,0,0,0,0,1,1,"Turn right",0,73,0.058404,0.0658255,0
1,460,1,0,0,0,0,1,1,0,0,0,0,1,3,"Move back",0,61,0.0397206,0.0658255,0
1,461,1,0,0,0,0,1,1,0,0,0,0,1,4,"Move arm",0,62,0.0402876,0.0658255,0
1,462,1,0,0,0,0,1,1,0,0,0,0,1,4,"Move arm",0,63,0.0406667,0.0658255,0
1,463,1,0,0,0,0,1,1,0,0,0,0,1,0,"Turn left",0,111,0.0656938,0.0656938,0
1,464,1,0,0,0,0,1,1,0,0,0,0,1,0,"Turn left",0,112,0.0655625,0.0655625,0
1,465,1,0,0,0,0,1,1,0,0,0,0,1,4,"Move arm",0,64,0.0410335,0.0655625,0
1,466,1,0,0,0,0,1,1,0,0,0,0,1,0,"Turn left",0,113,0.0654313,0.0654313,0
1,467,1,0,0,0,0,1,1,0,0,0,0,1,1,"Turn right",0,74,0.0584137,0.0654313,0
1,468,1,0,0,0,0,1,1,0,0,0,0,1,4,"Move arm",0,65,0.0413906,0.0654313,0
1,469,1,0,0,0,0,1,1,0,0,0,0,1,0,"Turn left",0,114,0.0653005,0.0653005,0
1,470,1,0,0,0,0,1,1,0,0,0,0,1,3,"Move back",0,62,0.0401015,0.0653005,0
1,471,1,0,0,0,0,1,1,0,0,0,0,1,0,"Turn left",0,115,0.0651699,0.0651699,0
1,472,1,0,0,0,0,1,1,0,0,0,0,1,2,"Move front",0,54,0.0368355,0.0651699,0
1,473,1,0,0,0,0,1,1,0,0,0,0,1,1,"Turn right",0,75,0.0584185,0.0651699,0
1,474,1,0,0,0,0,1,1,0,0,0,0,1,4,"Move arm",0,66,0.0417358,0.0651699,0
1,475,1,0,0,0,0,1,1,0,0,0,0,1,3,"Move back",0,63,0.0404726,0.0651699,0
1,476,1,0,0,0,0,1,1,0,0,0,0,1,1,"Turn right",0,76,0.0584232,0.0651699,0
1,477,1,0,0,0,0,1,1,0,0,0,0,1,2,"Move front",0,55,0.0372718,0.0651699,0
1,478,1,0,0,0,0,1,1,0,0,0,0,1,0,"Turn left",0,116,0.0650395,0.0650395,0
1,479,1,0,0,0,0,1,1,0,0,0,0,1,4,"Move arm",0,67,0.0420718,0.0650395,0
1,480,1,0,0,0,0,1,1,0,0,0,0,1,1,"Turn right",0,77,0.0584254,0.0650395,0
1,481,1,0,0,0,0,1,1,0,0,0,0,1,0,"Turn left",0,117,0.0649094,0.0649094,0
1,482,1,0,0,0,0,1,1,0,0,0,0,1,2,"Move front",0,56,0.0376947,0.0649094,0
1,483,1,0,0,0,0,1,1,0,0,0,0,1,1,"Turn right",0,78,0.0584253,0.0649094,0
1,484,1,0,0,0,0,1,1,0,0,0,0,1,0,"Turn left",0,118,0.0647796,0.0647796,0
1,485,1,0,0,0,0,1,1,0,0,0,0,1,4,"Move arm",0,68,0.0423964,0.0647796,0
1,486,1,0,0,0,0,1,1,0,0,0,0,1,3,"Move back",0,64,0.0408292,0.0647796,0
1,487,1,0,0,0,0,1,1,0,0,0,0,1,4,"Move arm",0,69,0.0427145,0.0647796,0
1,488,1,0,0,0,0,1,1,0,0,0,0,1,2,"Move front",0,57,0.0381069,0.0647796,0
1,489,1,0,0,0,0,1,1,0,0,0,0,1,1,"Turn right",0,79,0.0584228,0.0647796,0
1,490,1,0,0,0,0,1,1,0,0,0,0,1,0,"Turn left",0,119,0.0646501,0.0646501,0
1,491,1,0,0,0,0,1,1,0,0,0,0,1,3,"Move back",0,65,0.0411763,0.0646501,0
1,492,1,0,0,0,0,1,1,0,0,0,0,1,2,"Move front",0,58,0.0385084,0.0646501,0
1,493,1,0,0,0,0,1,1,0,0,0,0,1,0,"Turn left",0,120,0.0645208,0.0645208,0
1,494,1,0,0,0,0,1,1,0,0,0,0,1,0,"Turn left",0,121,0.0643917,0.0643917,0
1,495,1,0,0,0,0,1,1,0,0,0,0,1,0,"Turn left",0,122,0.0642629,0.0642629,0
1,496,1,0,0,0,0,1,1,0,0,0,0,1,0,"Turn left",0,123,0.0641344,0.0641344,0
1,497,1,0,0,0,0,1,1,0,0,0,0,1,3,"Move back",0,66,0.0415072,0.0641344,0
1,498,1,0,0,0,0,1,1,0,0,0,0,1,1,"Turn right",0,80,0.0584088,0.0641344,0
1,499,1,0,0,0,0,1,1,0,0,0,0,1,0,"Turn left",0,124,0.0640061,0.0640061,0
1,500,1,0,0,0,0,1,1,0,0,0,0,1,0,"Turn left",0,125,0.0638781,0.0638781,0
1,501,1,0,0,0,0,1,1,0,0,0,0,1,1,"Turn right",0,81,0.0583904,0.0638781,0
1,502,1,0,0,0,0,1,1,0,0,0,0,1,4,"Move arm",0,70,0.0430101,0.0638781,0
1,503,1,0,0,0,0,1,1,0,0,0,0,1,0,"Turn left",0,126,0.0637504,0.0637504,0
1,504,1,0,0,0,0,1,1,0,0,0,0,1,0,"Turn left",0,127,0.0636229,0.0636229,0
1,505,1,0,0,0,0,1,1,0,0,0,0,1,2,"Move front",0,59,0.0388835,0.0636229,0
1,506,1,0,0,0,0,1,1,0,0,0,0,1,2,"Move front",0,60,0.039251,0.0636229,0
1,507,1,0,0,0,0,1,1,0,0,0,0,1,0,"Turn left",0,128,0.0634956,0.0634956,0
1,508,1,0,0,0,0,1,1,0,0,0,0,1,4,"Move arm",0,71,0.0432928,0.0634956,0
1,509,1,0,0,0,0,1,1,0,0,0,0,1,4,"Move arm",0,72,0.0435698,0.0634956,0
1,510,1,0,0,0,0,1,1,0,0,0,0,1,1,"Turn right",0,82,0.0583655,0.0634956,0
1,511,1,0,0,0,0,1,1,0,0,0,0,1,4,"Move arm",0,73,0.0438414,0.0634956,0
1,512,1,0,0,0,0,1,1,0,0,0,0,1,4,"Move arm",0,74,0.0441075,0.0634956,0
1,513,1,0,0,0,0,1,1,0,0,0,0,1,0,"Turn left",0,129,0.0633686,0.0633686,0
1,514,1,0,0,0,0,1,37,0,1,3,0,1,0,"Turn left",2,130,0.102101,0.102101,0
1,515,37,0,1,3,0,1,61,0,2,3,0,1,0,"Turn left",0,3,0,0,0
1,516,61,0,2,3,0,1,37,0,1,3,0,1,1,"Turn right",0,3,0,0,0
1,517,37,0,1,3,0,1,61,0,2,3,0,1,0,"Turn left",0,4,0,0,0
1,518,61,0,2,3,0,1,37,0,1,3,0,1,1,"Turn right",0,4,0,0,0
1,519,37,0,1,3,0,1,37,0,1,3,0,1,2,"Move front",0,3,0,0,0
1,520,37,0,1,3,0,1,37,0,1,3,0,1,4,"Move arm",0,3,0,0,0
1,521,37,0,1,3,0,1,61,0,2,3,0,1,0,"Turn left",0,5,0,0,0
1,522,61,0,2,3,0,1,61,0,2,3,0,1,3,"Move back",0,7,0,0,0
1,523,61,0,2,3,0,1,61,0,2,3,0,1,0,"Turn left",0,5,0,0,0
1,524,61,0,2,3,0,1,85,0,3,3,0,1,0,"Turn left",0,6,0,0,0
1,525,85,0,3,3,0,1,85,0,3,3,0,1,0,"Turn left",0,4,0,0,0
1,526,85,0,3,3,0,1,85,0,3,3,0,1,1,"Turn right",0,2,0,0,0
1,527,85,0,3,3,0,1,85,0,3,3,0,1,4,"Move arm",0,3,0,0,0
1,528,85,0,3,3,0,1,85,0,3,3,0,1,0,"Turn left",0,5,0,0,0
1,529,85,0,3,3,0,1,85,0,3,3,0,1,3,"Move back",0,1,0,0,0
1,530,85,0,3,3,0,1,85,0,3,3,0,1,1,"Turn right",0,3,0,0,0
1,531,85,0,3,3,0,1,61,0,2,3,0,1,1,"Turn right",0,4,0,0,0
1,532,61,0,2,3,0,1,61,0,2,3,0,1,4,"Move arm",0,4,0,0,0
1,533,61,0,2,3,0,1,61,0,2,3,0,1,1,"Turn right",0,5,0,0,0
1,534,61,0,2,3,0,1,61,0,2,3,0,1,4,"Move arm",0,5,0,0,0
1,535,61,0,2,3,0,1,61,0,2,3,0,1,0,"Turn left",0,7,0,0,0
1,536,61,0,2,3,0,1,61,0,2,3,0,1,3,"Move back",0,8,0,0,0
1,537,61,0,2,3,0,1,61,0,2,3,0,1,3,"Move back",0,9,0,0,0
1,538,61,0,2,3,0,1,61,0,2,3,0,1,4,"Move arm",0,6,0,0,0
1,539,61,0,2,3,0,1,85,0,3,3,0,1,0,"Turn left",0,8,0,0,0
1,540,85,0,3,3,0,1,85,0,3,3,0,1,0,"Turn left",0,6,0,0,0
1,541,85,0,3,3,0,1,85,0,3,3,0,1,4,"Move arm",0,4,0,0,0
1,542,85,0,3,3,0,1,85,0,3,3,0,1,4,"Move arm",0,5,0,0,0
1,543,85,0,3,3,0,1,85,0,3,3,0,1,3,"Move back",0,2,0,0,0
1,544,85,0,3,3,0,1,85,0,3,3,0,1,4,"Move arm",0,6,0,0,0
1,545,85,0,3,3,0,1,109,0,4,3,0,1,0,"Turn left",0,7,0,0,0
1,546,109,0,4,3,0,1,85,0,3,3,0,1,1,"Turn right",0,6,0,0,0
1,547,85,0,3,3,0,1,109,0,4,3,0,1,0,"Turn left",0,8,0,0,0
1,548,109,0,4,3,0,1,109,0,4,3,0,1,2,"Move front",0,8,0,0,0
1,549,109,0,4,3,0,1,109,0,4,3,0,1,2,"Move front",0,9,0,0,0
1,550,109,0,4,3,0,1,109,0,4,3,0,1,0,"Turn left",0,12,0,0,0
1,551,109,0,4,3,0,1,133,0,5,3,0,1,0,"Turn left",0,13,0,0,0
1,552,133,0,5,3,0,1,109,0,4,3,0,1,1,"Turn right",0,9,0,0,1
1,553,109,0,4,3,0,1,133,0,5,3,0,1,0,"Turn left",0,14,0,0,0
1,554,133,0,5,3,0,1,133,0,5,3,0,1,2,"Move front",0,6,0,0,1
1,555,133,0,5,3,0,1,109,0,4,3,0,1,1,"Turn right",0,10,0,0,1
1,556,109,0,4,3,0,1,133,0,5,3,0,1,0,"Turn left",0,15,0,0,0
1,557,133,0,5,3,0,1,109,0,4,3,0,1,1,"Turn right",0,11,0,0,1
1,558,109,0,4,3,0,1,133,0,5,3,0,1,0,"Turn left",0,16,0,0,0
1,559,133,0,5,3,0,1,133,0,5,3,0,1,2,"Move front",0,7,0,0,1
1,560,133,0,5,3,0,1,109,0,4,3,0,1,1,"Turn right",0,12,0,0,1
1,561,109,0,4,3,0,1,133,0,5,3,0,1,0,"Turn left",0,17,0,0,0
1,562,133,0,5,3,0,1,109,0,4,3,0,1,1,"Turn right",0,13,0,0,1
1,563,109,0,4,3,0,1,109,0,4,3,0,1,2,"Move front",0,10,0,0,0
1,564,109,0,4,3,0,1,109,0,4,3,0,1,3,"Move back",0,11,0,0,0
1,565,109,0,4,3,0,1,109,0,4,3,0,1,3,"Move back",0,12,0,0,0
1,566,109,0,4,3,0,1,109,0,4,3,0,1,1,"Turn right",0,7,0,0,0
1,567,109,0,4,3,0,1,109,0,4,3,0,1,0,"Turn left",0,18,0,0,0
1,568,109,0,4,3,0,1,133,0,5,3,0,1,0,"Turn left",0,19,0,0,0
1,569,133,0,5,3,0,1,133,0,5,3,0,1,4,"Move arm",0,8,0,0,1
1,570,133,0,5,3,0,1,133,0,5,3,0,1,3,"Move back",0,12,0,0,1
1,571,133,0,5,3,0,1,133,0,5,3,0,1,0,"Turn left",0,6,-0.0741437,0,1
1,572,133,0,5,3,0,1,133,0,5,3,0,1,1,"Turn right",0,14,0,0,1
1,573,133,0,5,3,0,1,109,0,4,3,0,1,1,"Turn right",0,15,0,0,1
1,574,109,0,4,3,0,1,133,0,5,3,0,1,0,"Turn left",0,20,0,0,0
1,575,133,0,5,3,0,1,133,0,5,3,0,1,3,"Move back",0,13,0,0,1
1,576,133,0,5,3,0,1,133,0,5,3,0,1,0,"Turn left",0,7,-0.0726608,0,1
1,577,133,0,5,3,0,1,1,0,0,0,0,1,0,"Turn left",-2,8,-0.10937,0,1
1,578,1,0,0,0,0,1,1,0,0,0,0,1,0,"Turn left",0,131,0.101897,0.101897,0
1,579,1,0,0,0,0,1,1,0,0,0,0,1,3,"Move back",0,67,0.0425112,0.101897,0
1,580,1,0,0,0,0,1,1,0,0,0,0,1,1,"Turn right",0,83,0.0590324,0.101897,0
1,581,1,0,0,0,0,1,1,0,0,0,0,1,0,"Turn left",0,132,0.101693,0.101693,0
1,582,1,0,0,0,0,1,1,0,0,0,0,1,2,"Move front",0,61,0.0402965,0.101693,0
1,583,1,0,0,0,0,1,1,0,0,0,0,1,4,"Move arm",0,75,0.0450558,0.101693,0
1,584,1,0,0,0,0,1,1,0,0,0,0,1,4,"Move arm",0,76,0.0459852,0.101693,0
1,585,1,0,0,0,0,1,1,0,0,0,0,1,0,"Turn left",0,133,0.10149,0.10149,0
1,586,1,0,0,0,0,1,1,0,0,0,0,1,0,"Turn left",0,134,0.101287,0.101287,0
1,587,1,0,0,0,0,1,1,0,0,0,0,1,0,"Turn left",0,135,0.101084,0.101084,0
1,588,1,0,0,0,0,1,1,0,0,0,0,1,0,"Turn left",0,136,0.100882,0.100882,0
1,589,1,0,0,0,0,1,1,0,0,0,0,1,0,"Turn left",0,137,0.10068,0.10068,0
1,590,1,0,0,0,0,1,1,0,0,0,0,1,4,"Move arm",0,77,0.0468777,0.10068,0
1,591,1,0,0,0,0,1,1,0,0,0,0,1,2,"Move front",0,62,0.0413028,0.10068,0
1,592,1,0,0,0,0,1,1,0,0,0,0,1,1,"Turn right",0,84,0.059664,0.10068,0
1,593,1,0,0,0,0,1,1,0,0,0,0,1,1,"Turn right",0,85,0.0602829,0.10068,0
1,594,1,0,0,0,0,1,1,0,0,0,0,1,0,"Turn left",0,138,0.100479,0.100479,0
1,595,1,0,0,0,0,1,1,0,0,0,0,1,0,"Turn left",0,139,0.100278,0.100278,0
1,596,1,0,0,0,0,1,1,0,0,0,0,1,3,"Move back",0,68,0.043466,0.100278,0
1,597,1,0,0,0,0,1,1,0,0,0,0,1,0,"Turn left",0,140,0.100078,0.100078,0
1,598,1,0,0,0,0,1,1,0,0,0,0,1,3,"Move back",0,69,0.044398,0.100078,0
1,599,1,0,0,0,0,1,1,0,0,0,0,1,2,"Move front",0,63,0.0422781,0.100078,0
1,600,1,0,0,0,0,1,1,0,0,0,0,1,0,"Turn left",0,141,0.0998774,0.0998774,0
1,601,1,0,0,0,0,1,1,0,0,0,0,1,0,"Turn left",0,142,0.0996776,0.0996776,0
1,602,1,0,0,0,0,1,1,0,0,0,0,1,0,"Turn left",0,143,0.0994783,0.0994783,0
1,603,1,0,0,0,0,1,1,0,0,0,0,1,1,"Turn right",0,86,0.0608679,0.0994783,0
1,604,1,0,0,0,0,1,1,0,0,0,0,1,4,"Move arm",0,78,0.0477308,0.0994783,0
1,605,1,0,0,0,0,1,1,0,0,0,0,1,3,"Move back",0,70,0.0453007,0.0994783,0
1,606,1,0,0,0,0,1,1,0,0,0,0,1,0,"Turn left",0,144,0.0992793,0.0992793,0
1,607,1,0,0,0,0,1,1,0,0,0,0,1,0,"Turn left",0,145,0.0990807,0.0990807,0
1,608,1,0,0,0,0,1,1,0,0,0,0,1,4,"Move arm",0,79,0.0485596,0.0990807,0
1,609,1,0,0,0,0,1,1,0,0,0,0,1,1,"Turn right",0,87,0.061434,0.0990807,0
1,610,1,0,0,0,0,1,1,0,0,0,0,1,2,"Move front",0,64,0.043216,0.0990807,0
1,611,1,0,0,0,0,1,1,0,0,0,0,1,2,"Move front",0,65,0.0441352,0.0990807,0
1,612,1,0,0,0,0,1,1,0,0,0,0,1,3,"Move back",0,71,0.0461781,0.0990807,0
1,613,1,0,0,0,0,1,1,0,0,0,0,1,0,"Turn left",0,146,0.0988826,0.0988826,0
1,614,1,0,0,0,0,1,1,0,0,0,0,1,4,"Move arm",0,80,0.0493683,0.0988826,0
1,615,1,0,0,0,0,1,1,0,0,0,0,1,0,"Turn left",0,147,0.0986848,0.0986848,0
1,616,1,0,0,0,0,1,1,0,0,0,0,1,0,"Turn left",0,148,0.0984874,0.0984874,0
1,617,1,0,0,0,0,1,1,0,0,0,0,1,0,"Turn left",0,149,0.0982905,0.0982905,0
1,618,1,0,0,0,0,1,1,0,0,0,0,1,4,"Move arm",0,81,0.0501501,0.0982905,0
1,619,1,0,0,0,0,1,1,0,0,0,0,1,0,"Turn left",0,150,0.0980939,0.0980939,0
1,620,1,0,0,0,0,1,1,0,0,0,0,1,0,"Turn left",0,151,0.0978977,0.0978977,0
1,621,1,0,0,0,0,1,1,0,0,0,0,1,3,"Move back",0,72,0.0470167,0.0978977,0
1,622,1,0,0,0,0,1,1,0,0,0,0,1,0,"Turn left",0,152,0.0977019,0.0977019,0
1,623,1,0,0,0,0,1,1,0,0,0,0,1,0,"Turn left",0,153,0.0975065,0.0975065,0
1,624,1,0,0,0,0,1,1,0,0,0,0,1,0,"Turn left",0,154,0.0973115,0.0973115,0
1,625,1,0,0,0,0,1,1,0,0,0,0,1,4,"Move arm",0,82,0.0508988,0.0973115,0
1,626,1,0,0,0,0,1,1,0,0,0,0,1,0,"Turn left",0,155,0.0971169,0.0971169,0
1,627,1,0,0,0,0,1,1,0,0,0,0,1,3,"Move back",0,73,0.0478245,0.0971169,0
1,628,1,0,0,0,0,1,1,0,0,0,0,1,0,"Turn left",0,156,0.0969226,0.0969226,0
1,629,1,0,0,0,0,1,1,0,0,0,0,1,3,"Move back",0,74,0.0486126,0.0969226,0
1,630,1,0,0,0,0,1,1,0,0,0,0,1,3,"Move back",0,75,0.049385,0.0969226,0
1,631,1,0,0,0,0,1,1,0,0,0,0,1,4,"Move arm",0,83,0.0516254,0.0969226,0
1,632,1,0,0,0,0,1,1,0,0,0,0,1,1,"Turn right",0,88,0.0619499,0.0969226,0
1,633,1,0,0,0,0,1,1,0,0,0,0,1,4,"Move arm",0,84,0.0523375,0.0969226,0
1,634,1,0,0,0,0,1,1,0,0,0,0,1,0,"Turn left",0,157,0.0967288,0.0967288,0
1,635,1,0,0,0,0,1,1,0,0,0,0,1,0,"Turn left",0,158,0.0965353,0.0965353,0
1,636,1,0,0,0,0,1,1,0,0,0,0,1,3,"Move back",0,76,0.0501349,0.0965353,0
1,637,1,0,0,0,0,1,1,0,0,0,0,1,1,"Turn right",0,89,0.0624485,0.0965353,0
1,638,1,0,0,0,0,1,1,0,0,0,0,1,1,"Turn right",0,90,0.0629372,0.0965353,0
1,639,1,0,0,0,0,1,1,0,0,0,0,1,4,"Move arm",0,85,0.0530284,0.0965353,0
1,640,1,0,0,0,0,1,1,0,0,0,0,1,3,"Move back",0,77,0.0508698,0.0965353,0
1,641,1,0,0,0,0,1,1,0,0,0,0,1,0,"Turn left",0,159,0.0963423,0.0963423,0
1,642,1,0,0,0,0,1,1,0,0,0,0,1,3,"Move back",0,78,0.0515866,0.0963423,0
1,643,1,0,0,0,0,1,1,0,0,0,0,1,0,"Turn left",0,160,0.0961496,0.0961496,0
1,644,1,0,0,0,0,1,1,0,0,0,0,1,4,"Move arm",0,86,0.0536985,0.0961496,0
1,645,1,0,0,0,0,1,1,0,0,0,0,1,3,"Move back",0,79,0.0522856,0.0961496,0
1,646,1,0,0,0,0,1,1,0,0,0,0,1,4,"Move arm",0,87,0.0543552,0.0961496,0
1,647,1,0,0,0,0,1,1,0,0,0,0,1,2,"Move front",0,66,0.0449832,0.0961496,0
1,648,1,0,0,0,0,1,1,0,0,0,0,1,0,"Turn left",0,161,0.0959573,0.0959573,0
1,649,1,0,0,0,0,1,1,0,0,0,0,1,1,"Turn right",0,91,0.0634057,0.0959573,0
1,650,1,0,0,0,0,1,1,0,0,0,0,1,1,"Turn right",0,92,0.0638648,0.0959573,0
1,651,1,0,0,0,0,1,1,0,0,0,0,1,4,"Move arm",0,88,0.0549953,0.0959573,0
1,652,1,0,0,0,0,1,1,0,0,0,0,1,0,"Turn left",0,162,0.0957654,0.0957654,0
1,653,1,0,0,0,0,1,1,0,0,0,0,1,0,"Turn left",0,163,0.0955738,0.0955738,0
1,654,1,0,0,0,0,1,1,0,0,0,0,1,2,"Move front",0,67,0.0458038,0.0955738,0
1,655,1,0,0,0,0,1,1,0,0,0,0,1,0,"Turn left",0,164,0.0953827,0.0953827,0
1,656,1,0,0,0,0,1,1,0,0,0,0,1,3,"Move back",0,80,0.0529567,0.0953827,0
1,657,1,0,0,0,0,1,1,0,0,0,0,1,1,"Turn right",0,93,0.0643044,0.0953827,0
1,658,1,0,0,0,0,1,1,0,0,0,0,1,0,"Turn left",0,165,0.0951919,0.0951919,0
1,659,1,0,0,0,0,1,1,0,0,0,0,1,0,"Turn left",0,166,0.0950015,0.0950015,0
1,660,1,0,0,0,0,1,1,0,0,0,0,1,0,"Turn left",0,167,0.0948115,0.0948115,0
1,661,1,0,0,0,0,1,1,0,0,0,0,1,0,"Turn left",0,168,0.0946219,0.0946219,0
1,662,1,0,0,0,0,1,1,0,0,0,0,1,0,"Turn left",0,169,0.0944327,0.0944327,0
1,663,1,0,0,0,0,1,1,0,0,0,0,1,0,"Turn left",0,170,0.0942438,0.0942438,0
1,664,1,0,0,0,0,1,1,0,0,0,0,1,0,"Turn left",0,171,0.0940553,0.0940553,0
1,665,1,0,0,0,0,1,1,0,0,0,0,1,0,"Turn left",0,172,0.0938672,0.0938672,0
1,666,1,0,0,0,0,1,1,0,0,0,0,1,0,"Turn left",0,173,0.0936795,0.0936795,0
1,667,1,0,0,0,0,1,1,0,0,0,0,1,3,"Move back",0,81,0.0535838,0.0936795,0
1,668,1,0,0,0,0,1,1,0,0,0,0,1,0,"Turn left",0,174,0.0934921,0.0934921,0
1,669,1,0,0,0,0,1,1,0,0,0,0,1,4,"Move arm",0,89,0.0555783,0.0934921,0
1,670,1,0,0,0,0,1,1,0,0,0,0,1,0,"Turn left",0,175,0.0933051,0.0933051,0
1,671,1,0,0,0,0,1,1,0,0,0,0,1,3,"Move back",0,82,0.0541916,0.0933051,0
1,672,1,0,0,0,0,1,1,0,0,0,0,1,0,"Turn left",0,176,0.0931185,0.0931185,0
1,673,1,0,0,0,0,1,1,0,0,0,0,1,2,"Move front",0,68,0.0465639,0.0931185,0
1,674,1,0,0,0,0,1,1,0,0,0,0,1,2,"Move front",0,69,0.0473087,0.0931185,0
1,675,1,0,0,0,0,1,1,0,0,0,0,1,0,"Turn left",0,177,0.0929323,0.0929323,0
1,676,1,0,0,0,0,1,1,0,0,0,0,1,1,"Turn right",0,94,0.0646911,0.0929323,0
1,677,1,0,0,0,0,1,1,0,0,0,0,1,0,"Turn left",0,178,0.0927464,0.0927464,0
1,678,1,0,0,0,0,1,1,0,0,0,0,1,0,"Turn left",0,179,0.0925609,0.0925609,0
1,679,1,0,0,0,0,1,1,0,0,0,0,1,3,"Move back",0,83,0.0547739,0.0925609,0
1,680,1,0,0,0,0,1,1,0,0,0,0,1,4,"Move arm",0,90,0.0561328,0.0925609,0
1,681,1,0,0,0,0,1,1,0,0,0,0,1,2,"Move front",0,70,0.0480287,0.0925609,0
1,682,1,0,0,0,0,1,1,0,0,0,0,1,3,"Move back",0,84,0.0553445,0.0925609,0
1,683,1,0,0,0,0,1,1,0,0,0,0,1,2,"Move front",0,71,0.0487342,0.0925609,0
1,684,1,0,0,0,0,1,1,0,0,0,0,1,0,"Turn left",0,180,0.0923758,0.0923758,0
1,685,1,0,0,0,0,1,1,0,0,0,0,1,3,"Move back",0,85,0.0559004,0.0923758,0
1,686,1,0,0,0,0,1,1,0,0,0,0,1,4,"Move arm",0,91,0.0566729,0.0923758,0
1,687,1,0,0,0,0,1,1,0,0,0,0,1,4,"Move arm",0,92,0.0572022,0.0923758,0
1,688,1,0,0,0,0,1,1,0,0,0,0,1,0,"Turn left",0,181,0.092191,0.092191,0
1,689,1,0,0,0,0,1,1,0,0,0,0,1,0,"Turn left",0,182,0.0920067,0.0920067,0
1,690,1,0,0,0,0,1,1,0,0,0,0,1,0,"Turn left",0,183,0.0918226,0.0918226,0
1,691,1,0,0,0,0,1,1,0,0,0,0,1,1,"Turn right",0,95,0.0650501,0.0918226,0
1,692,1,0,0,0,0,1,1,0,0,0,0,1,2,"Move front",0,72,0.0494123,0.0918226,0
1,693,1,0,0,0,0,1,1,0,0,0,0,1,3,"Move back",0,86,0.0564352,0.0918226,0
1,694,1,0,0,0,0,1,1,0,0,0,0,1,0,"Turn left",0,184,0.091639,0.091639,0
1,695,1,0,0,0,0,1,1,0,0,0,0,1,1,"Turn right",0,96,0.0653986,0.091639,0
1,696,1,0,0,0,0,1,1,0,0,0,0,1,0,"Turn left",0,185,0.0914557,0.0914557,0
1,697,1,0,0,0,0,1,1,0,0,0,0,1,4,"Move arm",0,93,0.0577044,0.0914557,0
1,698,1,0,0,0,0,1,1,0,0,0,0,1,0,"Turn left",0,186,0.0912728,0.0912728,0
1,699,1,0,0,0,0,1,37,0,1,3,0,1,0,"Turn left",2,187,0.129447,0.129447,0
1,700,37,0,1,3,0,1,37,0,1,3,0,1,3,"Move back",0,1,0,0,0
1,701,37,0,1,3,0,1,1,0,0,0,0,1,1,"Turn right",-2,2,-0.0761643,0,0
1,702,1,0,0,0,0,1,37,0,1,3,0,1,0,"Turn left",2,188,0.166858,0.166858,0
1,703,37,0,1,3,0,1,1,0,0,0,0,1,1,"Turn right",-2,3,-0.111638,0,0
1,704,1,0,0,0,0,1,37,0,1,3,0,1,0,"Turn left",2,189,0.203521,0.203521,0
1,705,37,0,1,3,0,1,37,0,1,3,0,1,0,"Turn left",0,6,0,0,0
1,706,37,0,1,3,0,1,61,0,2,3,0,1,0,"Turn left",0,7,0,0,0
1,707,61,0,2,3,0,1,61,0,2,3,0,1,0,"Turn left",0,9,0,0,0
1,708,61,0,2,3,0,1,61,0,2,3,0,1,1,"Turn right",0,6,0,0,0
1,709,61,0,2,3,0,1,61,0,2,3,0,1,0,"Turn left",0,10,0,0,0
1,710,61,0,2,3,0,1,61,0,2,3,0,1,3,"Move back",0,10,0,0,0
1,711,61,0,2,3,0,1,61,0,2,3,0,1,1,"Turn right",0,7,0,0,0
1,712,61,0,2,3,0,1,61,0,2,3,0,1,4,"Move arm",0,7,0,0,0
1,713,61,0,2,3,0,1,61,0,2,3,0,1,0,"Turn left",0,11,0,0,0
1,714,61,0,2,3,0,1,61,0,2,3,0,1,3,"Move back",0,11,0,0,0
1,715,61,0,2,3,0,1,85,0,3,3,0,1,0,"Turn left",0,12,0,0,0
1,716,85,0,3,3,0,1,85,0,3,3,0,1,0,"Turn left",0,9,0,0,0
1,717,85,0,3,3,0,1,85,0,3,3,0,1,1,"Turn right",0,5,0,0,0
1,718,85,0,3,3,0,1,85,0,3,3,0,1,0,"Turn left",0,10,0,0,0
1,719,85,0,3,3,0,1,109,0,4,3,0,1,0,"Turn left",0,11,0,0,0
1,720,109,0,4,3,0,1,109,0,4,3,0,1,2,"Move front",0,11,0,0,0
1,721,109,0,4,3,0,1,109,0,4,3,0,1,0,"Turn left",0,21,0,0,0
1,722,109,0,4,3,0,1,109,0,4,3,0,1,2,"Move front",0,12,0,0,0
1,723,109,0,4,3,0,1,133,0,5,3,0,1,0,"Turn left",0,22,0,0,0
1,724,133,0,5,3,0,1,109,0,4,3,0,1,1,"Turn right",0,16,0,0,1
1,725,109,0,4,3,0,1,133,0,5,3,0,1,0,"Turn left",0,23,0,0,0
1,726,133,0,5,3,0,1,133,0,5,3,0,1,2,"Move front",0,8,0,0,1
1,727,133,0,5,3,0,1,109,0,4,3,0,1,1,"Turn right",0,17,0,0,1
1,728,109,0,4,3,0,1,133,0,5,3,0,1,0,"Turn left",0,24,0,0,0
1,729,133,0,5,3,0,1,133,0,5,3,0,1,4,"Move arm",0,9,0,0,1
1,730,133,0,5,3,0,1,133,0,5,3,0,1,2,"Move front",0,9,0,0,1
1,731,133,0,5,3,0,1,109,0,4,3,0,1,1,"Turn right",0,18,0,0,1
1,732,109,0,4,3,0,1,109,0,4,3,0,1,4,"Move arm",0,4,0,0,0
1,733,109,0,4,3,0,1,109,0,4,3,0,1,4,"Move arm",0,5,0,0,0
1,734,109,0,4,3,0,1,109,0,4,3,0,1,1,"Turn right",0,8,0,0,0
1,735,109,0,4,3,0,1,109,0,4,3,0,1,0,"Turn left",0,25,0,0,0
1,736,109,0,4,3,0,1,133,0,5,3,0,1,0,"Turn left",0,26,0,0,0
1,737,133,0,5,3,0,1,109,0,4,3,0,1,1,"Turn right",0,19,0,0,1
1,738,109,0,4,3,0,1,109,0,4,3,0,1,4,"Move arm",0,6,0,0,0
1,739,109,0,4,3,0,1,133,0,5,3,0,1,0,"Turn left",0,27,0,0,0
1,740,133,0,5,3,0,1,133,0,5,3,0,1,3,"Move back",0,14,0,0,1
1,741,133,0,5,3,0,1,133,0,5,3,0,1,3,"Move back",0,15,0,0,1
1,742,133,0,5,3,0,1,1,0,0,0,0,1,0,"Turn left",-2,9,-0.143519,0,1
1,743,1,0,0,0,0,1,1,0,0,0,0,1,2,"Move front",0,73,0.0520874,0.203521,0
1,744,1,0,0,0,0,1,1,0,0,0,0,1,4,"Move arm",0,94,0.0602137,0.203521,0
1,745,1,0,0,0,0,1,1,0,0,0,0,1,0,"Turn left",0,190,0.203114,0.203114,0
1,746,1,0,0,0,0,1,1,0,0,0,0,1,1,"Turn right",0,97,0.0677467,0.203114,0
1,747,1,0,0,0,0,1,1,0,0,0,0,1,0,"Turn left",0,191,0.202708,0.202708,0
1,748,1,0,0,0,0,1,1,0,0,0,0,1,0,"Turn left",0,192,0.202303,0.202303,0
1,749,1,0,0,0,0,1,1,0,0,0,0,1,2,"Move front",0,74,0.0546871,0.202303,0
1,750,1,0,0,0,0,1,1,0,0,0,0,1,0,"Turn left",0,193,0.201898,0.201898,0
1,751,1,0,0,0,0,1,1,0,0,0,0,1,0,"Turn left",0,194,0.201494,0.201494,0
1,752,1,0,0,0,0,1,1,0,0,0,0,1,3,"Move back",0,87,0.0589334,0.201494,0
1,753,1,0,0,0,0,1,1,0,0,0,0,1,4,"Move arm",0,95,0.0626363,0.201494,0
1,754,1,0,0,0,0,1,1,0,0,0,0,1,4,"Move arm",0,96,0.0650105,0.201494,0
1,755,1,0,0,0,0,1,1,0,0,0,0,1,0,"Turn left",0,195,0.201091,0.201091,0
1,756,1,0,0,0,0,1,1,0,0,0,0,1,0,"Turn left",0,196,0.200689,0.200689,0
1,757,1,0,0,0,0,1,1,0,0,0,0,1,1,"Turn right",0,98,0.0700041,0.200689,0
1,758,1,0,0,0,0,1,1,0,0,0,0,1,4,"Move arm",0,97,0.0673227,0.200689,0
1,759,1,0,0,0,0,1,1,0,0,0,0,1,0,"Turn left",0,197,0.200288,0.200288,0
1,760,1,0,0,0,0,1,1,0,0,0,0,1,3,"Move back",0,88,0.0613599,0.200288,0
1,761,1,0,0,0,0,1,1,0,0,0,0,1,0,"Turn left",0,198,0.199887,0.199887,0
1,762,1,0,0,0,0,1,1,0,0,0,0,1,0,"Turn left",0,199,0.199487,0.199487,0
1,763,1,0,0,0,0,1,1,0,0,0,0,1,3,"Move back",0,89,0.0637235,0.199487,0
1,764,1,0,0,0,0,1,1,0,0,0,0,1,1,"Turn right",0,99,0.0721948,0.199487,0
1,765,1,0,0,0,0,1,1,0,0,0,0,1,2,"Move front",0,75,0.0571842,0.199487,0
1,766,1,0,0,0,0,1,1,0,0,0,0,1,2,"Move front",0,76,0.0596312,0.199487,0
1,767,1,0,0,0,0,1,1,0,0,0,0,1,2,"Move front",0,77,0.0620294,0.199487,0
1,768,1,0,0,0,0,1,1,0,0,0,0,1,0,"Turn left",0,200,0.199088,0.199088,0
1,769,1,0,0,0,0,1,1,0,0,0,0,1,1,"Turn right",0,100,0.0743345,0.199088,0
1,770,1,0,0,0,0,1,1,0,0,0,0,1,0,"Turn left",0,201,0.19869,0.19869,0
1,771,1,0,0,0,0,1,1,0,0,0,0,1,2,"Move front",0,78,0.0643652,0.19869,0
1,772,1,0,0,0,0,1,1,0,0,0,0,1,0,"Turn left",0,202,0.198293,0.198293,0
1,773,1,0,0,0,0,1,1,0,0,0,0,1,2,"Move front",0,79,0.0666472,0.198293,0
1,774,1,0,0,0,0,1,1,0,0,0,0,1,0,"Turn left",0,203,0.197896,0.197896,0
1,775,1,0,0,0,0,1,1,0,0,0,0,1,0,"Turn left",0,204,0.1975,0.1975,0
1,776,1,0,0,0,0,1,1,0,0,0,0,1,1,"Turn right",0,101,0.0764028,0.1975,0
1,777,1,0,0,0,0,1,1,0,0,0,0,1,0,"Turn left",0,205,0.197105,0.197105,0
1,778,1,0,0,0,0,1,1,0,0,0,0,1,4,"Move arm",0,98,0.0695241,0.197105,0
1,779,1,0,0,0,0,1,1,0,0,0,0,1,0,"Turn left",0,206,0.196711,0.196711,0
1,780,1,0,0,0,0,1,1,0,0,0,0,1,1,"Turn right",0,102,0.0784156,0.196711,0
1,781,1,0,0,0,0,1,1,0,0,0,0,1,0,"Turn left",0,207,0.196318,0.196318,0
1,782,1,0,0,0,0,1,1,0,0,0,0,1,2,"Move front",0,80,0.068848,0.196318,0
1,783,1,0,0,0,0,1,1,0,0,0,0,1,0,"Turn left",0,208,0.195925,0.195925,0
1,784,1,0,0,0,0,1,1,0,0,0,0,1,2,"Move front",0,81,0.0709977,0.195925,0
1,785,1,0,0,0,0,1,1,0,0,0,0,1,3,"Move back",0,90,0.0659757,0.195925,0
1,786,1,0,0,0,0,1,1,0,0,0,0,1,0,"Turn left",0,209,0.195533,0.195533,0
1,787,1,0,0,0,0,1,1,0,0,0,0,1,4,"Move arm",0,99,0.0716532,0.195533,0
1,788,1,0,0,0,0,1,1,0,0,0,0,1,0,"Turn left",0,210,0.195142,0.195142,0
1,789,1,0,0,0,0,1,1,0,0,0,0,1,1,"Turn right",0,103,0.0803598,0.195142,0
1,790,1,0,0,0,0,1,1,0,0,0,0,1,4,"Move arm",0,100,0.0737327,0.195142,0
1,791,1,0,0,0,0,1,1,0,0,0,0,1,0,"Turn left",0,211,0.194752,0.194752,0
1,792,1,0,0,0,0,1,1,0,0,0,0,1,1,"Turn right",0,104,0.0822582,0.194752,0
1,793,1,0,0,0,0,1,1,0,0,0,0,1,0,"Turn left",0,212,0.194362,0.194362,0
1,794,1,0,0,0,0,1,1,0,0,0,0,1,4,"Move arm",0,101,0.0757566,0.194362,0
1,795,1,0,0,0,0,1,1,0,0,0,0,1,2,"Move front",0,82,0.0730762,0.194362,0
1,796,1,0,0,0,0,1,1,0,0,0,0,1,2,"Move front",0,83,0.0751132,0.194362,0
1,797,1,0,0,0,0,1,1,0,0,0,0,1,0,"Turn left",0,213,0.193974,0.193974,0
1,798,1,0,0,0,0,1,1,0,0,0,0,1,0,"Turn left",0,214,0.193586,0.193586,0
1,799,1,0,0,0,0,1,1,0,0,0,0,1,0,"Turn left",0,215,0.193199,0.193199,0
1,800,1,0,0,0,0,1,1,0,0,0,0,1,0,"Turn left",0,216,0.192812,0.192812,0
1,801,1,0,0,0,0,1,1,0,0,0,0,1,0,"Turn left",0,217,0.192427,0.192427,0
1,802,1,0,0,0,0,1,1,0,0,0,0,1,1,"Turn right",0,105,0.0840767,0.192427,0
1,803,1,0,0,0,0,1,1,0,0,0,0,1,0,"Turn left",0,218,0.192042,0.192042,0
1,804,1,0,0,0,0,1,1,0,0,0,0,1,0,"Turn left",0,219,0.191658,0.191658,0
1,805,1,0,0,0,0,1,1,0,0,0,0,1,0,"Turn left",0,220,0.191274,0.191274,0
1,806,1,0,0,0,0,1,1,0,0,0,0,1,0,"Turn left",0,221,0.190892,0.190892,0
1,807,1,0,0,0,0,1,1,0,0,0,0,1,0,"Turn left",0,222,0.19051,0.19051,0
1,808,1,0,0,0,0,1,1,0,0,0,0,1,3,"Move back",0,91,0.0680853,0.19051,0
1,809,1,0,0,0,0,1,1,0,0,0,0,1,2,"Move front",0,84,0.0770401,0.19051,0
1,810,1,0,0,0,0,1,1,0,0,0,0,1,4,"Move arm",0,102,0.0776706,0.19051,0
1,811,1,0,0,0,0,1,1,0,0,0,0,1,0,"Turn left",0,223,0.190129,0.190129,0
1,812,1,0,0,0,0,1,1,0,0,0,0,1,1,"Turn right",0,106,0.0858175,0.190129,0
1,813,1,0,0,0,0,1,1,0,0,0,0,1,0,"Turn left",0,224,0.189749,0.189749,0
1,814,1,0,0,0,0,1,1,0,0,0,0,1,4,"Move arm",0,103,0.0795327,0.189749,0
1,815,1,0,0,0,0,1,1,0,0,0,0,1,0,"Turn left",0,225,0.189369,0.189369,0
1,816,1,0,0,0,0,1,1,0,0,0,0,1,0,"Turn left",0,226,0.18899,0.18899,0
1,817,1,0,0,0,0,1,1,0,0,0,0,1,4,"Move arm",0,104,0.0813439,0.18899,0
1,818,1,0,0,0,0,1,1,0,0,0,0,1,0,"Turn left",0,227,0.188612,0.188612,0
1,819,1,0,0,0,0,1,1,0,0,0,0,1,4,"Move arm",0,105,0.083112,0.188612,0
1,820,1,0,0,0,0,1,1,0,0,0,0,1,2,"Move front",0,85,0.0788944,0.188612,0
1,821,1,0,0,0,0,1,1,0,0,0,0,1,0,"Turn left",0,228,0.188235,0.188235,0
1,822,1,0,0,0,0,1,1,0,0,0,0,1,2,"Move front",0,86,0.0807047,0.188235,0
1,823,1,0,0,0,0,1,1,0,0,0,0,1,0,"Turn left",0,229,0.187859,0.187859,0
1,824,1,0,0,0,0,1,1,0,0,0,0,1,0,"Turn left",0,230,0.187483,0.187483,0
1,825,1,0,0,0,0,1,1,0,0,0,0,1,0,"Turn left",0,231,0.187108,0.187108,0
1,826,1,0,0,0,0,1,1,0,0,0,0,1,0,"Turn left",0,232,0.186734,0.186734,0
1,827,1,0,0,0,0,1,1,0,0,0,0,1,4,"Move arm",0,106,0.084811,0.186734,0
1,828,1,0,0,0,0,1,1,0,0,0,0,1,0,"Turn left",0,233,0.18636,0.18636,0
1,829,1,0,0,0,0,1,1,0,0,0,0,1,1,"Turn right",0,107,0.0874556,0.18636,0
1,830,1,0,0,0,0,1,1,0,0,0,0,1,4,"Move arm",0,107,0.0864693,0.18636,0
1,831,1,0,0,0,0,1,1,0,0,0,0,1,0,"Turn left",0,234,0.185988,0.185988,0
1,832,1,0,0,0,0,1,1,0,0,0,0,1,2,"Move front",0,87,0.0824384,0.185988,0
1,833,1,0,0,0,0,1,1,0,0,0,0,1,3,"Move back",0,92,0.0700714,0.185988,0
1,834,1,0,0,0,0,1,1,0,0,0,0,1,0,"Turn left",0,235,0.185616,0.185616,0
1,835,1,0,0,0,0,1,1,0,0,0,0,1,0,"Turn left",0,236,0.185244,0.185244,0
1,836,1,0,0,0,0,1,1,0,0,0,0,1,1,"Turn right",0,108,0.0890409,0.185244,0
1,837,1,0,0,0,0,1,1,0,0,0,0,1,0,"Turn left",0,237,0.184874,0.184874,0
1,838,1,0,0,0,0,1,1,0,0,0,0,1,0,"Turn left",0,238,0.184504,0.184504,0
1,839,1,0,0,0,0,1,1,0,0,0,0,1,0,"Turn left",0,239,0.184135,0.184135,0
1,840,1,0,0,0,0,1,1,0,0,0,0,1,0,"Turn left",0,240,0.183767,0.183767,0
1,841,1,0,0,0,0,1,1,0,0,0,0,1,0,"Turn left",0,241,0.183399,0.183399,0
1,842,1,0,0,0,0,1,1,0,0,0,0,1,0,"Turn left",0,242,0.183033,0.183033,0
1,843,1,0,0,0,0,1,1,0,0,0,0,1,0,"Turn left",0,243,0.182667,0.182667,0
1,844,1,0,0,0,0,1,1,0,0,0,0,1,0,"Turn left",0,244,0.182301,0.182301,0
1,845,1,0,0,0,0,1,1,0,0,0,0,1,3,"Move back",0,93,0.0719514,0.182301,0
1,846,1,0,0,0,0,1,37,0,1,3,0,1,0,"Turn left",2,245,0.218655,0.218655,0
1,847,37,0,1,3,0,1,37,0,1,3,0,1,0,"Turn left",0,8,0,0,0
1,848,37,0,1,3,0,1,61,0,2,3,0,1,0,"Turn left",0,9,0,0,0
1,849,61,0,2,3,0,1,61,0,2,3,0,1,0,"Turn left",0,13,0,0,0
1,850,61,0,2,3,0,1,61,0,2,3,0,1,1,"Turn right",0,8,0,0,0
1,851,61,0,2,3,0,1,61,0,2,3,0,1,4,"Move arm",0,8,0,0,0
1,852,61,0,2,3,0,1,61,0,2,3,0,1,4,"Move arm",0,9,0,0,0
1,853,61,0,2,3,0,1,61,0,2,3,0,1,0,"Turn left",0,14,0,0,0
1,854,61,0,2,3,0,1,85,0,3,3,0,1,0,"Turn left",0,15,0,0,0
1,855,85,0,3,3,0,1,61,0,2,3,0,1,1,"Turn right",0,6,0,0,0
1,856,61,0,2,3,0,1,85,0,3,3,0,1,0,"Turn left",0,16,0,0,0
1,857,85,0,3,3,0,1,61,0,2,3,0,1,3,"Move back",0,3,0,0,0
1,858,61,0,2,3,0,1,61,0,2,3,0,1,1,"Turn right",0,9,0,0,0
1,859,61,0,2,3,0,1,61,0,2,3,0,1,0,"Turn left",0,17,0,0,0
1,860,61,0,2,3,0,1,85,0,3,3,0,1,0,"Turn left",0,18,0,0,0
1,861,85,0,3,3,0,1,61,0,2,3,0,1,1,"Turn right",0,7,0,0,0
1,862,61,0,2,3,0,1,85,0,3,3,0,1,0,"Turn left",0,19,0,0,0
1,863,85,0,3,3,0,1,85,0,3,3,0,1,0,"Turn left",0,12,0,0,0
1,864,85,0,3,3,0,1,61,0,2,3,0,1,3,"Move back",0,4,0,0,0
1,865,61,0,2,3,0,1,85,0,3,3,0,1,0,"Turn left",0,20,0,0,0
1,866,85,0,3,3,0,1,85,0,3,3,0,1,0,"Turn left",0,13,0,0,0
1,867,85,0,3,3,0,1,85,0,3,3,0,1,2,"Move front",0,1,0,0,0
1,868,85,0,3,3,0,1,109,0,4,3,0,1,0,"Turn left",0,14,0,0,0
1,869,109,0,4,3,0,1,109,0,4,3,0,1,0,"Turn left",0,28,0,0,0
1,870,109,0,4,3,0,1,133,0,5,3,0,1,0,"Turn left",0,29,0,0,0
1,871,133,0,5,3,0,1,1,0,0,0,0,1,0,"Turn left",-2,10,-0.176713,0,1
1,872,1,0,0,0,0,1,133,0,5,3,0,1,1,"Turn right",2,109,0.12726,0.218655,0
1,873,133,0,5,3,0,1,133,0,5,3,0,1,3,"Move back",0,16,0,0,1
1,874,133,0,5,3,0,1,133,0,5,3,0,1,4,"Move arm",0,10,0,0,1
1,875,133,0,5,3,0,1,133,0,5,3,0,1,2,"Move front",0,10,0,0,1
1,876,133,0,5,3,0,1,133,0,5,3,0,1,3,"Move back",0,17,0,0,1
1,877,133,0,5,3,0,1,109,0,4,3,0,1,1,"Turn right",0,20,0,0,1
1,878,109,0,4,3,0,1,133,0,5,3,0,1,0,"Turn left",0,30,0,0,0
1,879,133,0,5,3,0,1,133,0,5,3,0,1,4,"Move arm",0,11,0,0,1
1,880,133,0,5,3,0,1,109,0,4,3,0,1,1,"Turn right",0,21,0,0,1
1,881,109,0,4,3,0,1,109,0,4,3,0,1,1,"Turn right",0,9,0,0,0
1,882,109,0,4,3,0,1,109,0,4,3,0,1,2,"Move front",0,13,0,0,0
1,883,109,0,4,3,0,1,109,0,4,3,0,1,3,"Move back",0,13,0,0,0
1,884,109,0,4,3,0,1,109,0,4,3,0,1,3,"Move back",0,14,0,0,0
1,885,109,0,4,3,0,1,85,0,3,3,0,1,1,"Turn right",0,10,0,0,0
1,886,85,0,3,3,0,1,109,0,4,3,0,1,0,"Turn left",0,15,0,0,0
1,887,109,0,4,3,0,1,109,0,4,3,0,1,0,"Turn left",0,31,0,0,0
1,888,109,0,4,3,0,1,109,0,4,3,0,1,1,"Turn right",0,11,0,0,0
1,889,109,0,4,3,0,1,109,0,4,3,0,1,0,"Turn left",0,32,0,0,0
1,890,109,0,4,3,0,1,109,0,4,3,0,1,1,"Turn right",0,12,0,0,0
1,891,109,0,4,3,0,1,109,0,4,3,0,1,0,"Turn left",0,33,0,0,0
1,892,109,0,4,3,0,1,133,0,5,3,0,1,0,"Turn left",0,34,0,0,0
1,893,133,0,5,3,0,1,133,0,5,3,0,1,2,"Move front",0,11,0,0,1
1,894,133,0,5,3,0,1,133,0,5,3,0,1,3,"Move back",0,18,0,0,1
1,895,133,0,5,3,0,1,109,0,4,3,0,1,1,"Turn right",0,22,0,0,1
1,896,109,0,4,3,0,1,133,0,5,3,0,1,0,"Turn left",0,35,0,0,0
1,897,133,0,5,3,0,1,133,0,5,3,0,1,4,"Move arm",0,12,0,0,1
1,898,133,0,5,3,0,1,109,0,4,3,0,1,1,"Turn right",0,23,0,0,1
1,899,109,0,4,3,0,1,133,0,5,3,0,1,0,"Turn left",0,36,0,0,0
1,900,133,0,5,3,0,1,1,0,0,0,0,1,0,"Turn left",-2,11,-0.209243,0,1
1,901,1,0,0,0,0,1,1,0,0,0,0,1,0,"Turn left",0,246,0.218218,0.218218,0
1,902,1,0,0,0,0,1,1,0,0,0,0,1,4,"Move arm",0,108,0.0886678,0.218218,0
1,903,1,0,0,0,0,1,1,0,0,0,0,1,3,"Move back",0,94,0.0744403,0.218218,0
1,904,1,0,0,0,0,1,1,0,0,0,0,1,0,"Turn left",0,247,0.217781,0.217781,0
1,905,1,0,0,0,0,1,1,0,0,0,0,1,0,"Turn left",0,248,0.217346,0.217346,0
1,906,1,0,0,0,0,1,1,0,0,0,0,1,0,"Turn left",0,249,0.216911,0.216911,0
1,907,1,0,0,0,0,1,1,0,0,0,0,1,2,"Move front",0,88,0.084694,0.216911,0
1,908,1,0,0,0,0,1,1,0,0,0,0,1,4,"Move arm",0,109,0.0907988,0.216911,0
1,909,1,0,0,0,0,1,1,0,0,0,0,1,3,"Move back",0,95,0.0768559,0.216911,0
1,910,1,0,0,0,0,1,1,0,0,0,0,1,4,"Move arm",0,110,0.0928873,0.216911,0
1,911,1,0,0,0,0,1,1,0,0,0,0,1,3,"Move back",0,96,0.0792232,0.216911,0
1,912,1,0,0,0,0,1,1,0,0,0,0,1,4,"Move arm",0,111,0.0949339,0.216911,0
1,913,1,0,0,0,0,1,1,0,0,0,0,1,0,"Turn left",0,250,0.216477,0.216477,0
1,914,1,0,0,0,0,1,1,0,0,0,0,1,4,"Move arm",0,112,0.0969318,0.216477,0
1,915,1,0,0,0,0,1,1,0,0,0,0,1,1,"Turn right",0,110,0.128611,0.216477,0
1,916,1,0,0,0,0,1,1,0,0,0,0,1,0,"Turn left",0,251,0.216044,0.216044,0
1,917,1,0,0,0,0,1,1,0,0,0,0,1,0,"Turn left",0,252,0.215612,0.215612,0
1,918,1,0,0,0,0,1,1,0,0,0,0,1,3,"Move back",0,97,0.0815197,0.215612,0
1,919,1,0,0,0,0,1,1,0,0,0,0,1,0,"Turn left",0,253,0.215181,0.215181,0
1,920,1,0,0,0,0,1,1,0,0,0,0,1,0,"Turn left",0,254,0.214751,0.214751,0
1,921,1,0,0,0,0,1,1,0,0,0,0,1,0,"Turn left",0,255,0.214321,0.214321,0
1,922,1,0,0,0,0,1,1,0,0,0,0,1,0,"Turn left",0,256,0.213893,0.213893,0
1,923,1,0,0,0,0,1,1,0,0,0,0,1,4,"Move arm",0,113,0.0988433,0.213893,0
1,924,1,0,0,0,0,1,1,0,0,0,0,1,0,"Turn left",0,257,0.213465,0.213465,0
1,925,1,0,0,0,0,1,1,0,0,0,0,1,0,"Turn left",0,258,0.213038,0.213038,0
1,926,1,0,0,0,0,1,1,0,0,0,0,1,2,"Move front",0,89,0.0868348,0.213038,0
1,927,1,0,0,0,0,1,1,0,0,0,0,1,2,"Move front",0,90,0.0889328,0.213038,0
1,928,1,0,0,0,0,1,1,0,0,0,0,1,0,"Turn left",0,259,0.212612,0.212612,0
1,929,1,0,0,0,0,1,1,0,0,0,0,1,0,"Turn left",0,260,0.212187,0.212187,0
1,930,1,0,0,0,0,1,1,0,0,0,0,1,0,"Turn left",0,261,0.211762,0.211762,0
1,931,1,0,0,0,0,1,1,0,0,0,0,1,1,"Turn right",0,111,0.129851,0.211762,0
1,932,1,0,0,0,0,1,1,0,0,0,0,1,1,"Turn right",0,112,0.131066,0.211762,0
1,933,1,0,0,0,0,1,1,0,0,0,0,1,0,"Turn left",0,262,0.211339,0.211339,0
1,934,1,0,0,0,0,1,1,0,0,0,0,1,0,"Turn left",0,263,0.210916,0.210916,0
1,935,1,0,0,0,0,1,1,0,0,0,0,1,0,"Turn left",0,264,0.210494,0.210494,0
1,936,1,0,0,0,0,1,1,0,0,0,0,1,4,"Move arm",0,114,0.100655,0.210494,0
1,937,1,0,0,0,0,1,1,0,0,0,0,1,4,"Move arm",0,115,0.102431,0.210494,0
1,938,1,0,0,0,0,1,1,0,0,0,0,1,4,"Move arm",0,116,0.104171,0.210494,0
1,939,1,0,0,0,0,1,1,0,0,0,0,1,0,"Turn left",0,265,0.210073,0.210073,0
1,940,1,0,0,0,0,1,1,0,0,0,0,1,0,"Turn left",0,266,0.209653,0.209653,0
1,941,1,0,0,0,0,1,1,0,0,0,0,1,3,"Move back",0,98,0.0836631,0.209653,0
1,942,1,0,0,0,0,1,1,0,0,0,0,1,0,"Turn left",0,267,0.209234,0.209234,0
1,943,1,0,0,0,0,1,1,0,0,0,0,1,3,"Move back",0,99,0.085756,0.209234,0
1,944,1,0,0,0,0,1,1,0,0,0,0,1,2,"Move front",0,91,0.0909204,0.209234,0
1,945,1,0,0,0,0,1,1,0,0,0,0,1,0,"Turn left",0,268,0.208815,0.208815,0
1,946,1,0,0,0,0,1,1,0,0,0,0,1,2,"Move front",0,92,0.0928606,0.208815,0
1,947,1,0,0,0,0,1,1,0,0,0,0,1,0,"Turn left",0,269,0.208398,0.208398,0
1,948,1,0,0,0,0,1,1,0,0,0,0,1,0,"Turn left",0,270,0.207981,0.207981,0
1,949,1,0,0,0,0,1,1,0,0,0,0,1,1,"Turn right",0,113,0.132188,0.207981,0
1,950,1,0,0,0,0,1,1,0,0,0,0,1,4,"Move arm",0,117,0.105832,0.207981,0
1,951,1,0,0,0,0,1,1,0,0,0,0,1,1,"Turn right",0,114,0.133288,0.207981,0
1,952,1,0,0,0,0,1,1,0,0,0,0,1,1,"Turn right",0,115,0.134366,0.207981,0
1,953,1,0,0,0,0,1,1,0,0,0,0,1,4,"Move arm",0,118,0.107459,0.207981,0
1,954,1,0,0,0,0,1,1,0,0,0,0,1,0,"Turn left",0,271,0.207565,0.207565,0
1,955,1,0,0,0,0,1,1,0,0,0,0,1,1,"Turn right",0,116,0.135415,0.207565,0
1,956,1,0,0,0,0,1,1,0,0,0,0,1,0,"Turn left",0,272,0.20715,0.20715,0
1,957,1,0,0,0,0,1,1,0,0,0,0,1,0,"Turn left",0,273,0.206735,0.206735,0
1,958,1,0,0,0,0,1,1,0,0,0,0,1,1,"Turn right",0,117,0.136428,0.206735,0
1,959,1,0,0,0,0,1,1,0,0,0,0,1,1,"Turn right",0,118,0.13742,0.206735,0
1,960,1,0,0,0,0,1,1,0,0,0,0,1,1,"Turn right",0,119,0.138393,0.206735,0
1,961,1,0,0,0,0,1,1,0,0,0,0,1,0,"Turn left",0,274,0.206322,0.206322,0
1,962,1,0,0,0,0,1,1,0,0,0,0,1,2,"Move front",0,93,0.0947172,0.206322,0
1,963,1,0,0,0,0,1,1,0,0,0,0,1,0,"Turn left",0,275,0.205909,0.205909,0
1,964,1,0,0,0,0,1,1,0,0,0,0,1,0,"Turn left",0,276,0.205497,0.205497,0
1,965,1,0,0,0,0,1,1,0,0,0,0,1,3,"Move back",0,100,0.0877399,0.205497,0
1,966,1,0,0,0,0,1,1,0,0,0,0,1,0,"Turn left",0,277,0.205087,0.205087,0
1,967,1,0,0,0,0,1,1,0,0,0,0,1,0,"Turn left",0,278,0.204676,0.204676,0
1,968,1,0,0,0,0,1,1,0,0,0,0,1,2,"Move front",0,94,0.096507,0.204676,0
1,969,1,0,0,0,0,1,1,0,0,0,0,1,0,"Turn left",0,279,0.204267,0.204267,0
1,970,1,0,0,0,0,1,1,0,0,0,0,1,3,"Move back",0,101,0.0896619,0.204267,0
1,971,1,0,0,0,0,1,1,0,0,0,0,1,1,"Turn right",0,120,0.139302,0.204267,0
1,972,1,0,0,0,0,1,1,0,0,0,0,1,3,"Move back",0,102,0.0915454,0.204267,0
1,973,1,0,0,0,0,1,1,0,0,0,0,1,4,"Move arm",0,119,0.108986,0.204267,0
1,974,1,0,0,0,0,1,1,0,0,0,0,1,0,"Turn left",0,280,0.203858,0.203858,0
1,975,1,0,0,0,0,1,1,0,0,0,0,1,4,"Move arm",0,120,0.110476,0.203858,0
1,976,1,0,0,0,0,1,1,0,0,0,0,1,0,"Turn left",0,281,0.203451,0.203451,0
1,977,1,0,0,0,0,1,1,0,0,0,0,1,3,"Move back",0,103,0.0933766,0.203451,0
1,978,1,0,0,0,0,1,1,0,0,0,0,1,2,"Move front",0,95,0.098239,0.203451,0
1,979,1,0,0,0,0,1,1,0,0,0,0,1,0,"Turn left",0,282,0.203044,0.203044,0
1,980,1,0,0,0,0,1,1,0,0,0,0,1,1,"Turn right",0,121,0.140171,0.203044,0
1,981,1,0,0,0,0,1,1,0,0,0,0,1,4,"Move arm",0,121,0.111921,0.203044,0
1,982,1,0,0,0,0,1,1,0,0,0,0,1,0,"Turn left",0,283,0.202638,0.202638,0
1,983,1,0,0,0,0,1,1,0,0,0,0,1,3,"Move back",0,104,0.0951566,0.202638,0
1,984,1,0,0,0,0,1,1,0,0,0,0,1,3,"Move back",0,105,0.0969009,0.202638,0
1,985,1,0,0,0,0,1,1,0,0,0,0,1,1,"Turn right",0,122,0.141015,0.202638,0
1,986,1,0,0,0,0,1,1,0,0,0,0,1,0,"Turn left",0,284,0.202232,0.202232,0
1,987,1,0,0,0,0,1,1,0,0,0,0,1,1,"Turn right",0,123,0.141835,0.202232,0
1,988,1,0,0,0,0,1,1,0,0,0,0,1,0,"Turn left",0,285,0.201828,0.201828,0
1,989,1,0,0,0,0,1,1,0,0,0,0,1,0,"Turn left",0,286,0.201424,0.201424,0
1,990,1,0,0,0,0,1,1,0,0,0,0,1,1,"Turn right",0,124,0.142624,0.201424,0
1,991,1,0,0,0,0,1,1,0,0,0,0,1,0,"Turn left",0,287,0.201021,0.201021,0
1,992,1,0,0,0,0,1,1,0,0,0,0,1,3,"Move back",0,106,0.0985813,0.201021,0
1,993,1,0,0,0,0,1,1,0,0,0,0,1,0,"Turn left",0,288,0.200619,0.200619,0
1,994,1,0,0,0,0,1,1,0,0,0,0,1,0,"Turn left",0,289,0.200218,0.200218,0
1,995,1,0,0,0,0,1,1,0,0,0,0,1,3,"Move back",0,107,0.100214,0.200218,0
1,996,1,0,0,0,0,1,1,0,0,0,0,1,0,"Turn left",0,290,0.199818,0.199818,0
1,997,1,0,0,0,0,1,1,0,0,0,0,1,0,"Turn left",0,291,0.199418,0.199418,0
1,998,1,0,0,0,0,1,1,0,0,0,0,1,0,"Turn left",0,292,0.199019,0.199019,0
1,999,1,0,0,0,0,1,1,0,0,0,0,1,3,"Move back",0,108,0.101792,0.199019,0
1,1000,1,0,0,0,0,1,1,0,0,0,0,1,0,"Turn left",0,293,0.198621,0.198621,0
1,1001,1,0,0,0,0,1,1,0,0,0,0,1,1,"Turn right",0,125,0.143346,0.198621,0
1,1002,1,0,0,0,0,1,1,0,0,0,0,1,0,"Turn left",0,294,0.198224,0.198224,0
1,1003,1,0,0,0,0,1,1,0,0,0,0,1,0,"Turn left",0,295,0.197828,0.197828,0
1,1004,1,0,0,0,0,1,1,0,0,0,0,1,0,"Turn left",0,296,0.197432,0.197432,0
1,1005,1,0,0,0,0,1,1,0,0,0,0,1,3,"Move back",0,109,0.10331,0.197432,0
1,1006,1,0,0,0,0,1,1,0,0,0,0,1,1,"Turn right",0,126,0.144033,0.197432,0
1,1007,1,0,0,0,0,1,1,0,0,0,0,1,0,"Turn left",0,297,0.197037,0.197037,0
1,1008,1,0,0,0,0,1,1,0,0,0,0,1,0,"Turn left",0,298,0.196643,0.196643,0
1,1009,1,0,0,0,0,1,1,0,0,0,0,1,3,"Move back",0,110,0.104783,0.196643,0
1,1010,1,0,0,0,0,1,1,0,0,0,0,1,1,"Turn right",0,127,0.144692,0.196643,0
1,1011,1,0,0,0,0,1,1,0,0,0,0,1,1,"Turn right",0,128,0.145338,0.196643,0
1,1012,1,0,0,0,0,1,1,0,0,0,0,1,0,"Turn left",0,299,0.19625,0.19625,0
1,1013,1,0,0,0,0,1,1,0,0,0,0,1,0,"Turn left",0,300,0.195857,0.195857,0
1,1014,1,0,0,0,0,1,1,0,0,0,0,1,1,"Turn right",0,129,0.145957,0.195857,0
1,1015,1,0,0,0,0,1,1,0,0,0,0,1,1,"Turn right",0,130,0.146563,0.195857,0
1,1016,1,0,0,0,0,1,1,0,0,0,0,1,0,"Turn left",0,301,0.195465,0.195465,0
1,1017,1,0,0,0,0,1,1,0,0,0,0,1,3,"Move back",0,111,0.106206,0.195465,0
1,1018,1,0,0,0,0,1,1,0,0,0,0,1,3,"Move back",0,112,0.1076,0.195465,0
1,1019,1,0,0,0,0,1,1,0,0,0,0,1,4,"Move arm",0,122,0.113201,0.195465,0
1,1020,1,0,0,0,0,1,1,0,0,0,0,1,0,"Turn left",0,302,0.195075,0.195075,0
1,1021,1,0,0,0,0,1,1,0,0,0,0,1,2,"Move front",0,96,0.0997856,0.195075,0
1,1022,1,0,0,0,0,1,1,0,0,0,0,1,0,"Turn left",0,303,0.194684,0.194684,0
1,1023,1,0,0,0,0,1,1,0,0,0,0,1,0,"Turn left",0,304,0.194295,0.194295,0
1,1024,1,0,0,0,0,1,1,0,0,0,0,1,4,"Move arm",0,123,0.114434,0.194295,0
1,1025,1,0,0,0,0,1,1,0,0,0,0,1,2,"Move front",0,97,0.101287,0.194295,0
1,1026,1,0,0,0,0,1,1,0,0,0,0,1,3,"Move back",0,113,0.108945,0.194295,0
1,1027,1,0,0,0,0,1,1,0,0,0,0,1,4,"Move arm",0,124,0.115643,0.194295,0
1,1028,1,0,0,0,0,1,1,0,0,0,0,1,4,"Move arm",0,125,0.116828,0.194295,0
1,1029,1,0,0,0,0,1,1,0,0,0,0,1,0,"Turn left",0,305,0.193906,0.193906,0
1,1030,1,0,0,0,0,1,1,0,0,0,0,1,0,"Turn left",0,306,0.193519,0.193519,0
1,1031,1,0,0,0,0,1,37,0,1,3,0,1,0,"Turn left",2,307,0.229648,0.229648,0
1,1032,37,0,1,3,0,1,37,0,1,3,0,1,0,"Turn left",0,10,0,0,0
1,1033,37,0,1,3,0,1,61,0,2,3,0,1,0,"Turn left",0,11,0,0,0
1,1034,61,0,2,3,0,1,37,0,1,3,0,1,1,"Turn right",0,10,0,0,0
1,1035,37,0,1,3,0,1,37,0,1,3,0,1,1,"Turn right",0,4,-0.109405,0,0
1,1036,37,0,1,3,0,1,37,0,1,3,0,1,0,"Turn left",0,12,0,0,0
1,1037,37,0,1,3,0,1,37,0,1,3,0,1,2,"Move front",0,4,0,0,0
1,1038,37,0,1,3,0,1,61,0,2,3,0,1,0,"Turn left",0,13,0,0,0
1,1039,61,0,2,3,0,1,61,0,2,3,0,1,0,"Turn left",0,21,0,0,0
1,1040,61,0,2,3,0,1,61,0,2,3,0,1,4,"Move arm",0,10,0,0,0
1,1041,61,0,2,3,0,1,85,0,3,3,0,1,0,"Turn left",0,22,0,0,0
1,1042,85,0,3,3,0,1,61,0,2,3,0,1,1,"Turn right",0,8,0,0,0
1,1043,61,0,2,3,0,1,85,0,3,3,0,1,0,"Turn left",0,23,0,0,0
1,1044,85,0,3,3,0,1,85,0,3,3,0,1,0,"Turn left",0,16,0,0,0
1,1045,85,0,3,3,0,1,109,0,4,3,0,1,0,"Turn left",0,17,0,0,0
1,1046,109,0,4,3,0,1,109,0,4,3,0,1,0,"Turn left",0,37,0,0,0
1,1047,109,0,4,3,0,1,109,0,4,3,0,1,2,"Move front",0,14,0,0,0
1,1048,109,0,4,3,0,1,133,0,5,3,0,1,0,"Turn left",0,38,0,0,0
1,1049,133,0,5,3,0,1,109,0,4,3,0,1,1,"Turn right",0,24,0,0,1
1,1050,109,0,4,3,0,1,109,0,4,3,0,1,2,"Move front",0,15,0,0,0
1,1051,109,0,4,3,0,1,133,0,5,3,0,1,0,"Turn left",0,39,0,0,0
1,1052,133,0,5,3,0,1,109,0,4,3,0,1,1,"Turn right",0,25,0,0,1
1,1053,109,0,4,3,0,1,133,0,5,3,0,1,0,"Turn left",0,40,0,0,0
1,1054,133,0,5,3,0,1,109,0,4,3,0,1,1,"Turn right",0,26,0,0,1
1,1055,109,0,4,3,0,1,109,0,4,3,0,1,2,"Move front",0,16,0,0,0
1,1056,109,0,4,3,0,1,133,0,5,3,0,1,0,"Turn left",0,41,0,0,0
1,1057,133,0,5,3,0,1,109,0,4,3,0,1,1,"Turn right",0,27,0,0,1
1,1058,109,0,4,3,0,1,109,0,4,3,0,1,1,"Turn right",0,13,0,0,0
1,1059,109,0,4,3,0,1,109,0,4,3,0,1,0,"Turn left",0,42,0,0,0
1,1060,109,0,4,3,0,1,133,0,5,3,0,1,0,"Turn left",0,43,0,0,0
1,1061,133,0,5,3,0,1,133,0,5,3,0,1,2,"Move front",0,12,0,0,1
1,1062,133,0,5,3,0,1,133,0,5,3,0,1,3,"Move back",0,19,0,0,1
1,1063,133,0,5,3,0,1,133,0,5,3,0,1,3,"Move back",0,20,0,0,1
1,1064,133,0,5,3,0,1,133,0,5,3,0,1,4,"Move arm",0,13,0,0,1
1,1065,133,0,5,3,0,1,133,0,5,3,0,1,3,"Move back",0,21,0,0,1
1,1066,133,0,5,3,0,1,133,0,5,3,0,1,3,"Move back",0,22,0,0,1
1,1067,133,0,5,3,0,1,109,0,4,3,0,1,1,"Turn right",0,28,0,0,1
1,1068,109,0,4,3,0,1,133,0,5,3,0,1,0,"Turn left",0,44,0,0,0
1,1069,133,0,5,3,0,1,109,0,4,3,0,1,1,"Turn right",0,29,0,0,1
1,1070,109,0,4,3,0,1,133,0,5,3,0,1,0,"Turn left",0,45,0,0,0
1,1071,133,0,5,3,0,1,109,0,4,3,0,1,1,"Turn right",0,30,0,0,1
1,1072,109,0,4,3,0,1,109,0,4,3,0,1,1,"Turn right",0,14,0,0,0
1,1073,109,0,4,3,0,1,109,0,4,3,0,1,0,"Turn left",0,46,0,0,0
1,1074,109,0,4,3,0,1,109,0,4,3,0,1,3,"Move back",0,15,0,0,0
1,1075,109,0,4,3,0,1,133,0,5,3,0,1,0,"Turn left",0,47,0,0,0
1,1076,133,0,5,3,0,1,133,0,5,3,0,1,2,"Move front",0,13,0,0,1
1,1077,133,0,5,3,0,1,133,0,5,3,0,1,2,"Move front",0,14,0,0,1
1,1078,133,0,5,3,0,1,109,0,4,3,0,1,1,"Turn right",0,31,0,0,1
1,1079,109,0,4,3,0,1,133,0,5,3,0,1,0,"Turn left",0,48,0,0,0
1,1080,133,0,5,3,0,1,133,0,5,3,0,1,2,"Move front",0,15,0,0,1
1,1081,133,0,5,3,0,1,109,0,4,3,0,1,1,"Turn right",0,32,0,0,1
1,1082,109,0,4,3,0,1,133,0,5,3,0,1,0,"Turn left",0,49,0,0,0
1,1083,133,0,5,3,0,1,109,0,4,3,0,1,1,"Turn right",0,33,0,0,1
1,1084,109,0,4,3,0,1,133,0,5,3,0,1,0,"Turn left",0,50,0,0,0
1,1085,133,0,5,3,0,1,109,0,4,3,0,1,1,"Turn right",0,34,0,0,1
1,1086,109,0,4,3,0,1,133,0,5,3,0,1,0,"Turn left",0,51,0,0,0
1,1087,133,0,5,3,0,1,109,0,4,3,0,1,1,"Turn right",0,35,0,0,1
1,1088,109,0,4,3,0,1,133,0,5,3,0,1,0,"Turn left",0,52,0,0,0
1,1089,133,0,5,3,0,1,109,0,4,3,0,1,1,"Turn right",0,36,0,0,1
1,1090,109,0,4,3,0,1,133,0,5,3,0,1,0,"Turn left",0,53,0,0,0
1,1091,133,0,5,3,0,1,109,0,4,3,0,1,1,"Turn right",0,37,0,0,1
1,1092,109,0,4,3,0,1,109,0,4,3,0,1,1,"Turn right",0,15,0,0,0
1,1093,109,0,4,3,0,1,109,0,4,3,0,1,0,"Turn left",0,54,0,0,0
1,1094,109,0,4,3,0,1,109,0,4,3,0,1,4,"Move arm",0,7,0,0,0
1,1095,109,0,4,3,0,1,133,0,5,3,0,1,0,"Turn left",0,55,0,0,0
1,1096,133,0,5,3,0,1,133,0,5,3,0,1,0,"Turn left",0,12,-0.205058,0,1
1,1097,133,0,5,3,0,1,133,0,5,3,0,1,1,"Turn right",0,38,0,0,1
1,1098,133,0,5,3,0,1,109,0,4,3,0,1,1,"Turn right",0,39,0,0,1
1,1099,109,0,4,3,0,1,133,0,5,3,0,1,0,"Turn left",0,56,0,0,0
1,1100,133,0,5,3,0,1,109,0,4,3,0,1,1,"Turn right",0,40,0,0,1
1,1101,109,0,4,3,0,1,133,0,5,3,0,1,0,"Turn left",0,57,0,0,0
1,1102,133,0,5,3,0,1,133,0,5,3,0,1,4,"Move arm",0,14,0,0,1
1,1103,133,0,5,3,0,1,109,0,4,3,0,1,1,"Turn right",0,41,0,0,1
1,1104,109,0,4,3,0,1,133,0,5,3,0,1,0,"Turn left",0,58,0,0,0
1,1105,133,0,5,3,0,1,109,0,4,3,0,1,1,"Turn right",0,42,0,0,1
1,1106,109,0,4,3,0,1,133,0,5,3,0,1,0,"Turn left",0,59,0,0,0
1,1107,133,0,5,3,0,1,109,0,4,3,0,1,1,"Turn right",0,43,0,0,1
1,1108,109,0,4,3,0,1,133,0,5,3,0,1,0,"Turn left",0,60,0,0,0
1,1109,133,0,5,3,0,1,133,0,5,3,0,1,4,"Move arm",0,15,0,0,1
1,1110,133,0,5,3,0,1,109,0,4,3,0,1,1,"Turn right",0,44,0,0,1
1,1111,109,0,4,3,0,1,133,0,5,3,0,1,0,"Turn left",0,61,0,0,0
1,1112,133,0,5,3,0,1,109,0,4,3,0,1,1,"Turn right",0,45,0,0,1
1,1113,109,0,4,3,0,1,109,0,4,3,0,1,3,"Move back",0,16,0,0,0
1,1114,109,0,4,3,0,1,109,0,4,3,0,1,3,"Move back",0,17,0,0,0
1,1115,109,0,4,3,0,1,133,0,5,3,0,1,0,"Turn left",0,62,0,0,0
1,1116,133,0,5,3,0,1,109,0,4,3,0,1,1,"Turn right",0,46,0,0,1
1,1117,109,0,4,3,0,1,133,0,5,3,0,1,0,"Turn left",0,63,0,0,0
1,1118,133,0,5,3,0,1,133,0,5,3,0,1,4,"Move arm",0,16,0,0,1
1,1119,133,0,5,3,0,1,133,0,5,3,0,1,3,"Move back",0,23,0,0,1
1,1120,133,0,5,3,0,1,109,0,4,3,0,1,1,"Turn right",0,47,0,0,1
1,1121,109,0,4,3,0,1,109,0,4,3,0,1,4,"Move arm",0,8,0,0,0
1,1122,109,0,4,3,0,1,133,0,5,3,0,1,0,"Turn left",0,64,0,0,0
1,1123,133,0,5,3,0,1,109,0,4,3,0,1,1,"Turn right",0,48,0,0,1
1,1124,109,0,4,3,0,1,133,0,5,3,0,1,0,"Turn left",0,65,0,0,0
1,1125,133,0,5,3,0,1,109,0,4,3,0,1,1,"Turn right",0,49,0,0,1
1,1126,109,0,4,3,0,1,109,0,4,3,0,1,3,"Move back",0,18,0,0,0
1,1127,109,0,4,3,0,1,133,0,5,3,0,1,0,"Turn left",0,66,0,0,0
1,1128,133,0,5,3,0,1,133,0,5,3,0,1,0,"Turn left",0,13,-0.200957,0,1
1,1129,133,0,5,3,0,1,1,0,0,0,0,1,0,"Turn left",-2,14,-0.232804,0,1
1,1130,1,0,0,0,0,1,1,0,0,0,0,1,0,"Turn left",0,308,0.229189,0.229189,0
1,1131,1,0,0,0,0,1,1,0,0,0,0,1,0,"Turn left",0,309,0.228731,0.228731,0
1,1132,1,0,0,0,0,1,1,0,0,0,0,1,0,"Turn left",0,310,0.228273,0.228273,0
1,1133,1,0,0,0,0,1,1,0,0,0,0,1,0,"Turn left",0,311,0.227817,0.227817,0
1,1134,1,0,0,0,0,1,1,0,0,0,0,1,0,"Turn left",0,312,0.227361,0.227361,0
1,1135,1,0,0,0,0,1,1,0,0,0,0,1,0,"Turn left",0,313,0.226906,0.226906,0
1,1136,1,0,0,0,0,1,1,0,0,0,0,1,0,"Turn left",0,314,0.226452,0.226452,0
1,1137,1,0,0,0,0,1,1,0,0,0,0,1,0,"Turn left",0,315,0.225999,0.225999,0
1,1138,1,0,0,0,0,1,1,0,0,0,0,1,0,"Turn left",0,316,0.225548,0.225548,0
1,1139,1,0,0,0,0,1,1,0,0,0,0,1,3,"Move back",0,114,0.110826,0.225548,0
1,1140,1,0,0,0,0,1,1,0,0,0,0,1,0,"Turn left",0,317,0.225096,0.225096,0
1,1141,1,0,0,0,0,1,1,0,0,0,0,1,1,"Turn right",0,131,0.147683,0.225096,0
1,1142,1,0,0,0,0,1,1,0,0,0,0,1,0,"Turn left",0,318,0.224646,0.224646,0
1,1143,1,0,0,0,0,1,1,0,0,0,0,1,3,"Move back",0,115,0.112653,0.224646,0
1,1144,1,0,0,0,0,1,1,0,0,0,0,1,0,"Turn left",0,319,0.224197,0.224197,0
1,1145,1,0,0,0,0,1,1,0,0,0,0,1,0,"Turn left",0,320,0.223749,0.223749,0
1,1146,1,0,0,0,0,1,1,0,0,0,0,1,0,"Turn left",0,321,0.223301,0.223301,0
1,1147,1,0,0,0,0,1,1,0,0,0,0,1,2,"Move front",0,98,0.103281,0.223301,0
1,1148,1,0,0,0,0,1,1,0,0,0,0,1,2,"Move front",0,99,0.105235,0.223301,0
1,1149,1,0,0,0,0,1,1,0,0,0,0,1,0,"Turn left",0,322,0.222854,0.222854,0
1,1150,1,0,0,0,0,1,1,0,0,0,0,1,0,"Turn left",0,323,0.222409,0.222409,0
1,1151,1,0,0,0,0,1,1,0,0,0,0,1,0,"Turn left",0,324,0.221964,0.221964,0
1,1152,1,0,0,0,0,1,1,0,0,0,0,1,2,"Move front",0,100,0.107125,0.221964,0
1,1153,1,0,0,0,0,1,1,0,0,0,0,1,0,"Turn left",0,325,0.22152,0.22152,0
1,1154,1,0,0,0,0,1,1,0,0,0,0,1,0,"Turn left",0,326,0.221077,0.221077,0
1,1155,1,0,0,0,0,1,1,0,0,0,0,1,0,"Turn left",0,327,0.220635,0.220635,0
1,1156,1,0,0,0,0,1,1,0,0,0,0,1,0,"Turn left",0,328,0.220194,0.220194,0
1,1157,1,0,0,0,0,1,1,0,0,0,0,1,0,"Turn left",0,329,0.219753,0.219753,0
1,1158,1,0,0,0,0,1,1,0,0,0,0,1,4,"Move arm",0,126,0.118447,0.219753,0
1,1159,1,0,0,0,0,1,1,0,0,0,0,1,0,"Turn left",0,330,0.219314,0.219314,0
1,1160,1,0,0,0,0,1,1,0,0,0,0,1,4,"Move arm",0,127,0.120025,0.219314,0
1,1161,1,0,0,0,0,1,1,0,0,0,0,1,0,"Turn left",0,331,0.218875,0.218875,0
1,1162,1,0,0,0,0,1,1,0,0,0,0,1,0,"Turn left",0,332,0.218437,0.218437,0
1,1163,1,0,0,0,0,1,1,0,0,0,0,1,0,"Turn left",0,333,0.218,0.218,0
1,1164,1,0,0,0,0,1,1,0,0,0,0,1,0,"Turn left",0,334,0.217564,0.217564,0
1,1165,1,0,0,0,0,1,1,0,0,0,0,1,0,"Turn left",0,335,0.217129,0.217129,0
1,1166,1,0,0,0,0,1,1,0,0,0,0,1,0,"Turn left",0,336,0.216695,0.216695,0
1,1167,1,0,0,0,0,1,1,0,0,0,0,1,4,"Move arm",0,128,0.121525,0.216695,0
1,1168,1,0,0,0,0,1,1,0,0,0,0,1,0,"Turn left",0,337,0.216262,0.216262,0
1,1169,1,0,0,0,0,1,1,0,0,0,0,1,1,"Turn right",0,132,0.148622,0.216262,0
1,1170,1,0,0,0,0,1,1,0,0,0,0,1,0,"Turn left",0,338,0.215829,0.215829,0
1,1171,1,0,0,0,0,1,1,0,0,0,0,1,0,"Turn left",0,339,0.215397,0.215397,0
1,1172,1,0,0,0,0,1,1,0,0,0,0,1,0,"Turn left",0,340,0.214967,0.214967,0
1,1173,1,0,0,0,0,1,1,0,0,0,0,1,0,"Turn left",0,341,0.214537,0.214537,0
1,1174,1,0,0,0,0,1,1,0,0,0,0,1,0,"Turn left",0,342,0.214108,0.214108,0
1,1175,1,0,0,0,0,1,1,0,0,0,0,1,0,"Turn left",0,343,0.213679,0.213679,0
1,1176,1,0,0,0,0,1,1,0,0,0,0,1,1,"Turn right",0,133,0.149496,0.213679,0
1,1177,1,0,0,0,0,1,1,0,0,0,0,1,0,"Turn left",0,344,0.213252,0.213252,0
1,1178,1,0,0,0,0,1,1,0,0,0,0,1,4,"Move arm",0,129,0.122933,0.213252,0
1,1179,1,0,0,0,0,1,1,0,0,0,0,1,0,"Turn left",0,345,0.212826,0.212826,0
1,1180,1,0,0,0,0,1,1,0,0,0,0,1,0,"Turn left",0,346,0.2124,0.2124,0
1,1181,1,0,0,0,0,1,1,0,0,0,0,1,0,"Turn left",0,347,0.211975,0.211975,0
1,1182,1,0,0,0,0,1,1,0,0,0,0,1,0,"Turn left",0,348,0.211551,0.211551,0
1,1183,1,0,0,0,0,1,1,0,0,0,0,1,0,"Turn left",0,349,0.211128,0.211128,0
1,1184,1,0,0,0,0,1,1,0,0,0,0,1,1,"Turn right",0,134,0.150307,0.211128,0
1,1185,1,0,0,0,0,1,1,0,0,0,0,1,0,"Turn left",0,350,0.210706,0.210706,0
1,1186,1,0,0,0,0,1,1,0,0,0,0,1,0,"Turn left",0,351,0.210284,0.210284,0
1,1187,1,0,0,0,0,1,1,0,0,0,0,1,0,"Turn left",0,352,0.209864,0.209864,0
1,1188,1,0,0,0,0,1,1,0,0,0,0,1,0,"Turn left",0,353,0.209444,0.209444,0
1,1189,1,0,0,0,0,1,1,0,0,0,0,1,3,"Move back",0,116,0.11417,0.209444,0
1,1190,1,0,0,0,0,1,1,0,0,0,0,1,3,"Move back",0,117,0.115657,0.209444,0
1,1191,1,0,0,0,0,1,1,0,0,0,0,1,4,"Move arm",0,130,0.124245,0.209444,0
1,1192,1,0,0,0,0,1,1,0,0,0,0,1,0,"Turn left",0,354,0.209025,0.209025,0
1,1193,1,0,0,0,0,1,37,0,1,3,0,1,0,"Turn left",2,355,0.244845,0.244845,0
1,1194,37,0,1,3,0,1,37,0,1,3,0,1,0,"Turn left",0,14,0,0,0
1,1195,37,0,1,3,0,1,61,0,2,3,0,1,0,"Turn left",0,15,0,0,0
1,1196,61,0,2,3,0,1,61,0,2,3,0,1,2,"Move front",0,3,0,0,0
1,1197,61,0,2,3,0,1,61,0,2,3,0,1,0,"Turn left",0,24,0,0,0
1,1198,61,0,2,3,0,1,85,0,3,3,0,1,0,"Turn left",0,25,0,0,0
1,1199,85,0,3,3,0,1,61,0,2,3,0,1,1,"Turn right",0,9,0,0,0
1,1200,61,0,2,3,0,1,61,0,2,3,0,1,4,"Move arm",0,11,0,0,0
1,1201,61,0,2,3,0,1,85,0,3,3,0,1,0,"Turn left",0,26,0,0,0
1,1202,85,0,3,3,0,1,61,0,2,3,0,1,1,"Turn right",0,10,0,0,0
1,1203,61,0,2,3,0,1,85,0,3,3,0,1,0,"Turn left",0,27,0,0,0
1,1204,85,0,3,3,0,1,109,0,4,3,0,1,0,"Turn left",0,18,0,0,0
1,1205,109,0,4,3,0,1,109,0,4,3,0,1,0,"Turn left",0,67,0,0,0
1,1206,109,0,4,3,0,1,109,0,4,3,0,1,3,"Move back",0,19,0,0,0
1,1207,109,0,4,3,0,1,133,0,5,3,0,1,0,"Turn left",0,68,0,0,0
1,1208,133,0,5,3,0,1,109,0,4,3,0,1,1,"Turn right",0,50,0,0,1
1,1209,109,0,4,3,0,1,133,0,5,3,0,1,0,"Turn left",0,69,0,0,0
1,1210,133,0,5,3,0,1,133,0,5,3,0,1,3,"Move back",0,24,0,0,1
1,1211,133,0,5,3,0,1,109,0,4,3,0,1,1,"Turn right",0,51,0,0,1
1,1212,109,0,4,3,0,1,133,0,5,3,0,1,0,"Turn left",0,70,0,0,0
1,1213,133,0,5,3,0,1,133,0,5,3,0,1,4,"Move arm",0,17,0,0,1
1,1214,133,0,5,3,0,1,109,0,4,3,0,1,1,"Turn right",0,52,0,0,1
1,1215,109,0,4,3,0,1,133,0,5,3,0,1,0,"Turn left",0,71,0,0,0
1,1216,133,0,5,3,0,1,109,0,4,3,0,1,1,"Turn right",0,53,0,0,1
1,1217,109,0,4,3,0,1,133,0,5,3,0,1,0,"Turn left",0,72,0,0,0
1,1218,133,0,5,3,0,1,133,0,5,3,0,1,2,"Move front",0,16,0,0,1
1,1219,133,0,5,3,0,1,133,0,5,3,0,1,2,"Move front",0,17,0,0,1
1,1220,133,0,5,3,0,1,133,0,5,3,0,1,3,"Move back",0,25,0,0,1
1,1221,133,0,5,3,0,1,109,0,4,3,0,1,1,"Turn right",0,54,0,0,1
1,1222,109,0,4,3,0,1,133,0,5,3,0,1,0,"Turn left",0,73,0,0,0
1,1223,133,0,5,3,0,1,133,0,5,3,0,1,4,"Move arm",0,18,0,0,1
1,1224,133,0,5,3,0,1,109,0,4,3,0,1,1,"Turn right",0,55,0,0,1
1,1225,109,0,4,3,0,1,85,0,3,3,0,1,1,"Turn right",0,16,0,0,0
1,1226,85,0,3,3,0,1,85,0,3,3,0,1,2,"Move front",0,2,0,0,0
1,1227,85,0,3,3,0,1,85,0,3,3,0,1,1,"Turn right",0,11,0,0,0
1,1228,85,0,3,3,0,1,85,0,3,3,0,1,0,"Turn left",0,19,0,0,0
1,1229,85,0,3,3,0,1,109,0,4,3,0,1,0,"Turn left",0,20,0,0,0
1,1230,109,0,4,3,0,1,133,0,5,3,0,1,0,"Turn left",0,74,0,0,0
1,1231,133,0,5,3,0,1,109,0,4,3,0,1,1,"Turn right",0,56,0,0,1
1,1232,109,0,4,3,0,1,133,0,5,3,0,1,0,"Turn left",0,75,0,0,0
1,1233,133,0,5,3,0,1,109,0,4,3,0,1,1,"Turn right",0,57,0,0,1
1,1234,109,0,4,3,0,1,133,0,5,3,0,1,0,"Turn left",0,76,0,0,0
1,1235,133,0,5,3,0,1,109,0,4,3,0,1,1,"Turn right",0,58,0,0,1
1,1236,109,0,4,3,0,1,133,0,5,3,0,1,0,"Turn left",0,77,0,0,0
1,1237,133,0,5,3,0,1,109,0,4,3,0,1,1,"Turn right",0,59,0,0,1
1,1238,109,0,4,3,0,1,109,0,4,3,0,1,3,"Move back",0,20,0,0,0
1,1239,109,0,4,3,0,1,133,0,5,3,0,1,0,"Turn left",0,78,0,0,0
1,1240,133,0,5,3,0,1,109,0,4,3,0,1,1,"Turn right",0,60,0,0,1
1,1241,109,0,4,3,0,1,109,0,4,3,0,1,3,"Move back",0,21,0,0,0
1,1242,109,0,4,3,0,1,109,0,4,3,0,1,3,"Move back",0,22,0,0,0
1,1243,109,0,4,3,0,1,85,0,3,3,0,1,3,"Move back",0,23,0,0,0
1,1244,85,0,3,3,0,1,85,0,3,3,0,1,1,"Turn right",0,12,0,0,0
1,1245,85,0,3,3,0,1,85,0,3,3,0,1,0,"Turn left",0,21,0,0,0
1,1246,85,0,3,3,0,1,109,0,4,3,0,1,0,"Turn left",0,22,0,0,0
1,1247,109,0,4,3,0,1,109,0,4,3,0,1,0,"Turn left",0,79,0,0,0
1,1248,109,0,4,3,0,1,109,0,4,3,0,1,2,"Move front",0,17,0,0,0
1,1249,109,0,4,3,0,1,133,0,5,3,0,1,0,"Turn left",0,80,0,0,0
1,1250,133,0,5,3,0,1,109,0,4,3,0,1,1,"Turn right",0,61,0,0,1
1,1251,109,0,4,3,0,1,133,0,5,3,0,1,0,"Turn left",0,81,0,0,0
1,1252,133,0,5,3,0,1,133,0,5,3,0,1,2,"Move front",0,18,0,0,1
1,1253,133,0,5,3,0,1,133,0,5,3,0,1,2,"Move front",0,19,0,0,1
